###############
#    Sets     #
###############
#
set FUEL := BIO DSL ELC001 GEO HFO RESELC01 RIVERWAT SOL ;
set DAILYTIMEBRACKET :=  ;
set DAYTYPE :=  ;
set EMISSION :=  ;
set MODE_OF_OPERATION := 1 ;
set SEASON :=  ;
set REGION := UGANDA ;
set STORAGE :=  ;
set TIMESLICE := OPDS OPRS PDS PRS SD SR ;
set TECHNOLOGY := BACKSTOP01 BIO CHP GEO IMPDSL IMPHFO PWRDSL001 PWRGEO001 PWRHFOE01 PWRHYD001 PWRHYD002 PWRSOL001 PWRTRNE01 SOL WATSUR01 ;
set YEAR := 2018 2019 2020 2021 2022 2023 2024 2025 2026 2027 2028 2029 2030 2031 2032 2033 2034 2035 2036 2037 2038 2039 2040 ;


#####################
#    Parameters     #
#####################
#
param AccumulatedAnnualDemand default 0 :=
;

param AnnualEmissionLimit default 0 :=
;

param AnnualExogenousEmission default 0 :=
;

param AvailabilityFactor default 1 :=
[UGANDA,*,*]:
2018 2019 2020 2021 2022 2023 2024 2025 2026 2027 2028 2029 2030 2031 2032 2033 2034 2035 2036 2037 2038 2039 2040:=
CHP 0.93 0.93 0.93 0.93 0.93 0.93 0.93 0.93 0.93 0.93 0.93 0.93 0.93 0.93 0.93 0.93 0.93 0.93 0.93 0.93 0.93 0.93 0.93
PWRGEO001 0.914 0.914 0.914 0.914 0.914 0.914 0.914 0.914 0.914 0.914 0.914 0.914 0.914 0.914 0.914 0.914 0.914 0.914 0.914 0.914 0.914 0.914 0.914
PWRHFOE01 0.9 0.9 0.9 0.9 0.9 0.9 0.9 0.9 0.9 0.9 0.9 0.9 0.9 0.9 0.9 0.9 0.9 0.9 0.9 0.9 0.9 0.9 0.9
PWRHYD001 0.89 0.89 0.89 0.89 0.89 0.89 0.89 0.89 0.89 0.89 0.89 0.89 0.89 0.89 0.89 0.89 0.89 0.89 0.89 0.89 0.89 0.89 0.89
PWRHYD002 0.89 0.89 0.89 0.89 0.89 0.89 0.89 0.89 0.89 0.89 0.89 0.89 0.89 0.89 0.89 0.89 0.89 0.89 0.89 0.89 0.89 0.89 0.89
;

param CapacityFactor default 1 :=
[UGANDA,CHP,*,*]:
2018 2019 2020 2021 2022 2023 2024 2025 2026 2027 2028 2029 2030 2031 2032 2033 2034 2035 2036 2037 2038 2039 2040:=
OPDS 0.81 0.81 0.81 0.81 0.81 0.81 0.81 0.81 0.81 0.81 0.81 0.81 0.81 0.81 0.81 0.81 0.81 0.81 0.81 0.81 0.81 0.81 0.81
OPRS 0.81 0.81 0.81 0.81 0.81 0.81 0.81 0.81 0.81 0.81 0.81 0.81 0.81 0.81 0.81 0.81 0.81 0.81 0.81 0.81 0.81 0.81 0.81
PDS 0.81 0.81 0.81 0.81 0.81 0.81 0.81 0.81 0.81 0.81 0.81 0.81 0.81 0.81 0.81 0.81 0.81 0.81 0.81 0.81 0.81 0.81 0.81
PRS 0.81 0.81 0.81 0.81 0.81 0.81 0.81 0.81 0.81 0.81 0.81 0.81 0.81 0.81 0.81 0.81 0.81 0.81 0.81 0.81 0.81 0.81 0.81
SD 0.81 0.81 0.81 0.81 0.81 0.81 0.81 0.81 0.81 0.81 0.81 0.81 0.81 0.81 0.81 0.81 0.81 0.81 0.81 0.81 0.81 0.81 0.81
SR 0.81 0.81 0.81 0.81 0.81 0.81 0.81 0.81 0.81 0.81 0.81 0.81 0.81 0.81 0.81 0.81 0.81 0.81 0.81 0.81 0.81 0.81 0.81
[UGANDA,PWRDSL001,*,*]:
2018 2019 2020 2021 2022 2023 2024 2025 2026 2027 2028 2029 2030 2031 2032 2033 2034 2035 2036 2037 2038 2039 2040:=
OPDS 0.9 0.9 0.9 0.9 0.9 0.9 0.9 0.9 0.9 0.9 0.9 0.9 0.9 0.9 0.9 0.9 0.9 0.9 0.9 0.9 0.9 0.9 0.9
OPRS 0.9 0.9 0.9 0.9 0.9 0.9 0.9 0.9 0.9 0.9 0.9 0.9 0.9 0.9 0.9 0.9 0.9 0.9 0.9 0.9 0.9 0.9 0.9
PDS 0.9 0.9 0.9 0.9 0.9 0.9 0.9 0.9 0.9 0.9 0.9 0.9 0.9 0.9 0.9 0.9 0.9 0.9 0.9 0.9 0.9 0.9 0.9
PRS 0.9 0.9 0.9 0.9 0.9 0.9 0.9 0.9 0.9 0.9 0.9 0.9 0.9 0.9 0.9 0.9 0.9 0.9 0.9 0.9 0.9 0.9 0.9
SD 0.9 0.9 0.9 0.9 0.9 0.9 0.9 0.9 0.9 0.9 0.9 0.9 0.9 0.9 0.9 0.9 0.9 0.9 0.9 0.9 0.9 0.9 0.9
SR 0.9 0.9 0.9 0.9 0.9 0.9 0.9 0.9 0.9 0.9 0.9 0.9 0.9 0.9 0.9 0.9 0.9 0.9 0.9 0.9 0.9 0.9 0.9
[UGANDA,PWRGEO001,*,*]:
2018 2019 2020 2021 2022 2023 2024 2025 2026 2027 2028 2029 2030 2031 2032 2033 2034 2035 2036 2037 2038 2039 2040:=
OPDS 0.93 0.93 0.93 0.93 0.93 0.93 0.93 0.93 0.93 0.93 0.93 0.93 0.93 0.93 0.93 0.93 0.93 0.93 0.93 0.93 0.93 0.93 0.93
OPRS 0.93 0.93 0.93 0.93 0.93 0.93 0.93 0.93 0.93 0.93 0.93 0.93 0.93 0.93 0.93 0.93 0.93 0.93 0.93 0.93 0.93 0.93 0.93
PDS 0.93 0.93 0.93 0.93 0.93 0.93 0.93 0.93 0.93 0.93 0.93 0.93 0.93 0.93 0.93 0.93 0.93 0.93 0.93 0.93 0.93 0.93 0.93
PRS 0.93 0.93 0.93 0.93 0.93 0.93 0.93 0.93 0.93 0.93 0.93 0.93 0.93 0.93 0.93 0.93 0.93 0.93 0.93 0.93 0.93 0.93 0.93
SD 0.93 0.93 0.93 0.93 0.93 0.93 0.93 0.93 0.93 0.93 0.93 0.93 0.93 0.93 0.93 0.93 0.93 0.93 0.93 0.93 0.93 0.93 0.93
SR 0.93 0.93 0.93 0.93 0.93 0.93 0.93 0.93 0.93 0.93 0.93 0.93 0.93 0.93 0.93 0.93 0.93 0.93 0.93 0.93 0.93 0.93 0.93
[UGANDA,PWRHFOE01,*,*]:
2018 2019 2020 2021 2022 2023 2024 2025 2026 2027 2028 2029 2030 2031 2032 2033 2034 2035 2036 2037 2038 2039 2040:=
OPDS 0.9 0.9 0.9 0.9 0.9 0.9 0.9 0.9 0.9 0.9 0.9 0.9 0.9 0.9 0.9 0.9 0.9 0.9 0.9 0.9 0.9 0.9 0.9
OPRS 0.9 0.9 0.9 0.9 0.9 0.9 0.9 0.9 0.9 0.9 0.9 0.9 0.9 0.9 0.9 0.9 0.9 0.9 0.9 0.9 0.9 0.9 0.9
PDS 0.9 0.9 0.9 0.9 0.9 0.9 0.9 0.9 0.9 0.9 0.9 0.9 0.9 0.9 0.9 0.9 0.9 0.9 0.9 0.9 0.9 0.9 0.9
PRS 0.9 0.9 0.9 0.9 0.9 0.9 0.9 0.9 0.9 0.9 0.9 0.9 0.9 0.9 0.9 0.9 0.9 0.9 0.9 0.9 0.9 0.9 0.9
SD 0.9 0.9 0.9 0.9 0.9 0.9 0.9 0.9 0.9 0.9 0.9 0.9 0.9 0.9 0.9 0.9 0.9 0.9 0.9 0.9 0.9 0.9 0.9
SR 0.9 0.9 0.9 0.9 0.9 0.9 0.9 0.9 0.9 0.9 0.9 0.9 0.9 0.9 0.9 0.9 0.9 0.9 0.9 0.9 0.9 0.9 0.9
[UGANDA,PWRHYD001,*,*]:
2018 2019 2020 2021 2022 2023 2024 2025 2026 2027 2028 2029 2030 2031 2032 2033 2034 2035 2036 2037 2038 2039 2040:=
OPDS 0.45 0.45 0.45 0.45 0.45 0.45 0.45 0.45 0.45 0.45 0.45 0.45 0.45 0.45 0.45 0.45 0.45 0.45 0.45 0.45 0.45 0.45 0.45
OPRS 0.45 0.45 0.45 0.45 0.45 0.45 0.45 0.45 0.45 0.45 0.45 0.45 0.45 0.45 0.45 0.45 0.45 0.45 0.45 0.45 0.45 0.45 0.45
PDS 0.45 0.45 0.45 0.45 0.45 0.45 0.45 0.45 0.45 0.45 0.45 0.45 0.45 0.45 0.45 0.45 0.45 0.45 0.45 0.45 0.45 0.45 0.45
PRS 0.45 0.45 0.45 0.45 0.45 0.45 0.45 0.45 0.45 0.45 0.45 0.45 0.45 0.45 0.45 0.45 0.45 0.45 0.45 0.45 0.45 0.45 0.45
SD 0.45 0.45 0.45 0.45 0.45 0.45 0.45 0.45 0.45 0.45 0.45 0.45 0.45 0.45 0.45 0.45 0.45 0.45 0.45 0.45 0.45 0.45 0.45
SR 0.45 0.45 0.45 0.45 0.45 0.45 0.45 0.45 0.45 0.45 0.45 0.45 0.45 0.45 0.45 0.45 0.45 0.45 0.45 0.45 0.45 0.45 0.45
[UGANDA,PWRHYD002,*,*]:
2018 2019 2020 2021 2022 2023 2024 2025 2026 2027 2028 2029 2030 2031 2032 2033 2034 2035 2036 2037 2038 2039 2040:=
OPDS 0.45 0.45 0.45 0.45 0.45 0.45 0.45 0.45 0.45 0.45 0.45 0.45 0.45 0.45 0.45 0.45 0.45 0.45 0.45 0.45 0.45 0.45 0.45
OPRS 0.45 0.45 0.45 0.45 0.45 0.45 0.45 0.45 0.45 0.45 0.45 0.45 0.45 0.45 0.45 0.45 0.45 0.45 0.45 0.45 0.45 0.45 0.45
PDS 0.45 0.45 0.45 0.45 0.45 0.45 0.45 0.45 0.45 0.45 0.45 0.45 0.45 0.45 0.45 0.45 0.45 0.45 0.45 0.45 0.45 0.45 0.45
PRS 0.45 0.45 0.45 0.45 0.45 0.45 0.45 0.45 0.45 0.45 0.45 0.45 0.45 0.45 0.45 0.45 0.45 0.45 0.45 0.45 0.45 0.45 0.45
SD 0.45 0.45 0.45 0.45 0.45 0.45 0.45 0.45 0.45 0.45 0.45 0.45 0.45 0.45 0.45 0.45 0.45 0.45 0.45 0.45 0.45 0.45 0.45
SR 0.45 0.45 0.45 0.45 0.45 0.45 0.45 0.45 0.45 0.45 0.45 0.45 0.45 0.45 0.45 0.45 0.45 0.45 0.45 0.45 0.45 0.45 0.45
[UGANDA,PWRSOL001,*,*]:
2018 2019 2020 2021 2022 2023 2024 2025 2026 2027 2028 2029 2030 2031 2032 2033 2034 2035 2036 2037 2038 2039 2040:=
OPDS 0 0 0 0 0 0 0 0 0 0 0 0 0 0 0 0 0 0 0 0 0 0 0
OPRS 0 0 0 0 0 0 0 0 0 0 0 0 0 0 0 0 0 0 0 0 0 0 0
PDS 0 0 0 0 0 0 0 0 0 0 0 0 0 0 0 0 0 0 0 0 0 1 1
PRS 0 0 0 0 0 0 0 0 0 0 0 0 0 0 0 0 0 0 0 0 0 1 1
;

param CapacityOfOneTechnologyUnit default 0 :=
;

param CapacityToActivityUnit default 1 :
BACKSTOP01 BIO CHP GEO IMPDSL IMPHFO PWRDSL001 PWRGEO001 PWRHFOE01 PWRHYD001 PWRHYD002 PWRSOL001 PWRTRNE01 SOL WATSUR01:=
UGANDA 31.536 1 31.536 1 1 1 31.536 31.536 31.536 31.536 31.536 31.536 31.536 1 31.536
;

param CapitalCost default 0.0001 :=
[UGANDA,*,*]:
2018 2019 2020 2021 2022 2023 2024 2025 2026 2027 2028 2029 2030 2031 2032 2033 2034 2035 2036 2037 2038 2039 2040:=
BACKSTOP01 999999 999999 999999 999999 999999 999999 999999 999999 999999 999999 999999 999999 999999 999999 999999 999999 999999 999999 999999 999999 999999 999999 999999
CHP 3660 3660 3660 3660 3660 3660 3660 3660 3660 3660 3660 3660 3660 3660 3660 3660 3660 3660 3660 3660 3660 3660 3660
PWRDSL001 1177 1177 1177 1177 1177 1177 1177 1177 1177 1177 1177 1177 1177 1177 1177 1177 1177 1177 1177 1177 1177 1177 1177
PWRGEO001 5856.4 5856.4 5856.4 5856.4 5856.4 5856.4 5856.4 5856.4 5856.4 5856.4 5856.4 5856.4 5856.4 5856.4 5856.4 5856.4 5856.4 5856.4 5856.4 5856.4 5856.4 5856.4 5856.4
PWRHFOE01 1633.5 1633.5 1633.5 1633.5 1633.5 1633.5 1633.5 1633.5 1633.5 1633.5 1633.5 1633.5 1633.5 1633.5 1633.5 1633.5 1633.5 1633.5 1633.5 1633.5 1633.5 1633.5 1633.5
PWRHYD001 2552.5 2552.5 2552.5 2552.5 2552.5 2552.5 2552.5 2552.5 2552.5 2552.5 2552.5 2552.5 2552.5 2552.5 2552.5 2552.5 2552.5 2552.5 2552.5 2552.5 2552.5 2552.5 2552.5
PWRHYD002 2552.5 2552.5 2552.5 2552.5 2552.5 2552.5 2552.5 2552.5 2552.5 2552.5 2552.5 2552.5 2552.5 2552.5 2552.5 2552.5 2552.5 2552.5 2552.5 2552.5 2552.5 2552.5 2552.5
PWRSOL001 2000 2000 2000 2000 2000 2000 2000 2000 2000 2000 2000 2000 2000 2000 2000 2000 2000 2000 2000 2000 2000 2000 2000
PWRTRNE01 1518 1518 1518 1518 1518 1518 1518 1518 1518 1518 1518 1518 1518 1518 1518 1518 1518 1518 1518 1518 1518 1518 1518
;

param CapitalCostStorage default 0 :=
;

param Conversionld default 0 :=
;

param Conversionlh default 0 :=
;

param Conversionls default 0 :=
;

param DaySplit default 0 :=
;

param DaysInDayType default 0 :=
;

param DepreciationMethod default 1 :=
;

param DiscountRate default 0.05 :=
;

param EmissionActivityRatio default 0 :=
;

param EmissionsPenalty default 0 :=
;

param FixedCost default 0 :=
[UGANDA,*,*]:
2018 2019 2020 2021 2022 2023 2024 2025 2026 2027 2028 2029 2030 2031 2032 2033 2034 2035 2036 2037 2038 2039 2040:=
CHP 5.56 5.56 5.56 5.56 5.56 5.56 5.56 5.56 5.56 5.56 5.56 5.56 5.56 5.56 5.56 5.56 5.56 5.56 5.56 5.56 5.56 5.56 5.56
PWRGEO001 30 30 30 30 30 30 30 30 30 30 30 30 30 30 30 30 30 30 30 30 30 30 30
PWRHFOE01 4.1666 4.1666 4.1666 4.1666 4.1666 4.1666 4.1666 4.1666 4.1666 4.1666 4.1666 4.1666 4.1666 4.1666 4.1666 4.1666 4.1666 4.1666 4.1666 4.1666 4.1666 4.1666 4.1666
PWRHYD001 21 21 21 21 21 21 21 21 21 21 21 21 21 21 21 21 21 21 21 21 21 21 21
PWRHYD002 10.5 10.5 10.5 10.5 10.5 10.5 10.5 10.5 10.5 10.5 10.5 10.5 10.5 10.5 10.5 10.5 10.5 10.5 10.5 10.5 10.5 10.5 10.5
;

param InputActivityRatio default 0 :=
[UGANDA,CHP,BIO,*,*]:
2018 2019 2020 2021 2022 2023 2024 2025 2026 2027 2028 2029 2030 2031 2032 2033 2034 2035 2036 2037 2038 2039 2040:=
1 2.632 2.632 2.632 2.632 2.632 2.632 2.632 2.632 2.632 2.632 2.632 2.632 2.632 2.632 2.632 2.632 2.632 2.632 2.632 2.632 2.632 2.632 2.632
[UGANDA,PWRDSL001,DSL,*,*]:
2018 2019 2020 2021 2022 2023 2024 2025 2026 2027 2028 2029 2030 2031 2032 2033 2034 2035 2036 2037 2038 2039 2040:=
1 4 4 4 4 4 4 4 4 4 4 4 4 4 4 4 4 4 4 4 4 4 4 4
[UGANDA,PWRGEO001,GEO,*,*]:
2018 2019 2020 2021 2022 2023 2024 2025 2026 2027 2028 2029 2030 2031 2032 2033 2034 2035 2036 2037 2038 2039 2040:=
1 1 1 1 1 1 1 1 1 1 1 1 1 1 1 1 1 1 1 1 1 1 1 1
[UGANDA,PWRHFOE01,HFO,*,*]:
2018 2019 2020 2021 2022 2023 2024 2025 2026 2027 2028 2029 2030 2031 2032 2033 2034 2035 2036 2037 2038 2039 2040:=
1 2.8571 2.8571 2.8571 2.8571 2.8571 2.8571 2.8571 2.8571 2.8571 2.8571 2.8571 2.8571 2.8571 2.8571 2.8571 2.8571 2.8571 2.8571 2.8571 2.8571 2.8571 2.8571 2.8571
[UGANDA,PWRHYD001,RIVERWAT,*,*]:
2018 2019 2020 2021 2022 2023 2024 2025 2026 2027 2028 2029 2030 2031 2032 2033 2034 2035 2036 2037 2038 2039 2040:=
1 1 1 1 1 1 1 1 1 1 1 1 1 1 1 1 1 1 1 1 1 1 1 1
[UGANDA,PWRSOL001,SOL,*,*]:
2018 2019 2020 2021 2022 2023 2024 2025 2026 2027 2028 2029 2030 2031 2032 2033 2034 2035 2036 2037 2038 2039 2040:=
1 1 1 1 1 1 1 1 1 1 1 1 1 1 1 1 1 1 1 1 1 1 1 1
[UGANDA,PWRTRNE01,ELC001,*,*]:
2018 2019 2020 2021 2022 2023 2024 2025 2026 2027 2028 2029 2030 2031 2032 2033 2034 2035 2036 2037 2038 2039 2040:=
1 1 1 1 1 1 1 1 1 1 1 1 1 1 1 1 1 1 1 1 1 1 1 1
;

param MinStorageCharge default 0 :=
;

param ModelPeriodEmissionLimit default 0 :=
;

param ModelPeriodExogenousEmission default 0 :=
;

param OperationalLife default 1 :
BACKSTOP01 BIO CHP GEO IMPDSL IMPHFO PWRDSL001 PWRGEO001 PWRHFOE01 PWRHYD001 PWRHYD002 PWRSOL001 PWRTRNE01 SOL WATSUR01:=
UGANDA 100 1 30 1 1 1 25 25 25 100 100 25 50 1 100
;

param OperationalLifeStorage default 0 :=
;

param OutputActivityRatio default 0 :=
[UGANDA,BACKSTOP01,RESELC01,*,*]:
2018 2019 2020 2021 2022 2023 2024 2025 2026 2027 2028 2029 2030 2031 2032 2033 2034 2035 2036 2037 2038 2039 2040:=
1 1 1 1 1 1 1 1 1 1 1 1 1 1 1 1 1 1 1 1 1 1 1 1
[UGANDA,BIO,BIO,*,*]:
2018 2019 2020 2021 2022 2023 2024 2025 2026 2027 2028 2029 2030 2031 2032 2033 2034 2035 2036 2037 2038 2039 2040:=
1 1 1 1 1 1 1 1 1 1 1 1 1 1 1 1 1 1 1 1 1 1 1 1
[UGANDA,CHP,ELC001,*,*]:
2018 2019 2020 2021 2022 2023 2024 2025 2026 2027 2028 2029 2030 2031 2032 2033 2034 2035 2036 2037 2038 2039 2040:=
1 1 1 1 1 1 1 1 1 1 1 1 1 1 1 1 1 1 1 1 1 1 1 1
[UGANDA,GEO,GEO,*,*]:
2018 2019 2020 2021 2022 2023 2024 2025 2026 2027 2028 2029 2030 2031 2032 2033 2034 2035 2036 2037 2038 2039 2040:=
1 1 1 1 1 1 1 1 1 1 1 1 1 1 1 1 1 1 1 1 1 1 1 1
[UGANDA,IMPDSL,DSL,*,*]:
2018 2019 2020 2021 2022 2023 2024 2025 2026 2027 2028 2029 2030 2031 2032 2033 2034 2035 2036 2037 2038 2039 2040:=
1 1 1 1 1 1 1 1 1 1 1 1 1 1 1 1 1 1 1 1 1 1 1 1
[UGANDA,IMPHFO,HFO,*,*]:
2018 2019 2020 2021 2022 2023 2024 2025 2026 2027 2028 2029 2030 2031 2032 2033 2034 2035 2036 2037 2038 2039 2040:=
1 1 1 1 1 1 1 1 1 1 1 1 1 1 1 1 1 1 1 1 1 1 1 1
[UGANDA,PWRDSL001,ELC001,*,*]:
2018 2019 2020 2021 2022 2023 2024 2025 2026 2027 2028 2029 2030 2031 2032 2033 2034 2035 2036 2037 2038 2039 2040:=
1 1 1 1 1 1 1 1 1 1 1 1 1 1 1 1 1 1 1 1 1 1 1 1
[UGANDA,PWRGEO001,ELC001,*,*]:
2018 2019 2020 2021 2022 2023 2024 2025 2026 2027 2028 2029 2030 2031 2032 2033 2034 2035 2036 2037 2038 2039 2040:=
1 1 1 1 1 1 1 1 1 1 1 1 1 1 1 1 1 1 1 1 1 1 1 1
[UGANDA,PWRHFOE01,ELC001,*,*]:
2018 2019 2020 2021 2022 2023 2024 2025 2026 2027 2028 2029 2030 2031 2032 2033 2034 2035 2036 2037 2038 2039 2040:=
1 1 1 1 1 1 1 1 1 1 1 1 1 1 1 1 1 1 1 1 1 1 1 1
[UGANDA,PWRHYD001,ELC001,*,*]:
2018 2019 2020 2021 2022 2023 2024 2025 2026 2027 2028 2029 2030 2031 2032 2033 2034 2035 2036 2037 2038 2039 2040:=
1 1 1 1 1 1 1 1 1 1 1 1 1 1 1 1 1 1 1 1 1 1 1 1
[UGANDA,PWRHYD002,ELC001,*,*]:
2018 2019 2020 2021 2022 2023 2024 2025 2026 2027 2028 2029 2030 2031 2032 2033 2034 2035 2036 2037 2038 2039 2040:=
1 1 1 1 1 1 1 1 1 1 1 1 1 1 1 1 1 1 1 1 1 1 1 1
[UGANDA,PWRSOL001,ELC001,*,*]:
2018 2019 2020 2021 2022 2023 2024 2025 2026 2027 2028 2029 2030 2031 2032 2033 2034 2035 2036 2037 2038 2039 2040:=
1 1 1 1 1 1 1 1 1 1 1 1 1 1 1 1 1 1 1 1 1 1 1 1
[UGANDA,PWRTRNE01,RESELC01,*,*]:
2018 2019 2020 2021 2022 2023 2024 2025 2026 2027 2028 2029 2030 2031 2032 2033 2034 2035 2036 2037 2038 2039 2040:=
1 0.95 0.95 0.95 0.95 0.95 0.95 0.95 0.95 0.95 0.95 0.95 0.95 0.95 0.95 0.95 0.95 0.95 0.95 0.95 0.95 0.95 0.95 0.95
[UGANDA,SOL,SOL,*,*]:
2018 2019 2020 2021 2022 2023 2024 2025 2026 2027 2028 2029 2030 2031 2032 2033 2034 2035 2036 2037 2038 2039 2040:=
1 1 1 1 1 1 1 1 1 1 1 1 1 1 1 1 1 1 1 1 1 1 1 1
[UGANDA,WATSUR01,RIVERWAT,*,*]:
2018 2019 2020 2021 2022 2023 2024 2025 2026 2027 2028 2029 2030 2031 2032 2033 2034 2035 2036 2037 2038 2039 2040:=
1 1 1 1 1 1 1 1 1 1 1 1 1 1 1 1 1 1 1 1 1 1 1 1
;

param REMinProductionTarget default 0 :=
;

param RETagFuel default 0 :=
;

param RETagTechnology default 0 :=
;

param ReserveMargin default 1 :=
;

param ReserveMarginTagFuel default 0 :=
;

param ReserveMarginTagTechnology default 0 :=
;

param ResidualCapacity default 0 :=
[UGANDA,*,*]:
2018 2019 2020 2021 2022 2023 2024 2025 2026 2027 2028 2029 2030 2031 2032 2033 2034 2035 2036 2037 2038 2039 2040:=
PWRGEO001 0 0 0 0 0 0 0 0.15 0.15 0.15 0.15 0.15 0.15 0.15 0.15 0.15 0.15 0.15 0.15 0.15 0.15 0.15 0.15
PWRHYD001 0.63 0.63 0.63 0.63 0.63 0.63 0.63 0.63 0.63 0.63 0.63 0.63 0.63 0.63 0.63 0.63 0.63 0.63 0.63 0.63 0.63 0.63 0.63
;

param ResidualStorageCapacity default 0 :=
;

param SpecifiedAnnualDemand default 0 :=
[UGANDA,*,*]:
2018 2019 2020 2021 2022 2023 2024 2025 2026 2027 2028 2029 2030 2031 2032 2033 2034 2035 2036 2037 2038 2039 2040:=
RESELC01 11.78 12.37 12.99 13.63 14.32 15.03 15.78 16.57 17.4 18.27 19.19 20.15 21.15 22.21 23.32 24.49 25.71 27 28.35 29.76 31.25 32.81 34.45
;

param SpecifiedDemandProfile default 0 :=
[UGANDA,RESELC01,*,*]:
2018 2019 2020 2021 2022 2023 2024 2025 2026 2027 2028 2029 2030 2031 2032 2033 2034 2035 2036 2037 2038 2039 2040:=
OPDS 0.1644 0.1644 0.1644 0.1644 0.1644 0.1644 0.1644 0.1644 0.1644 0.1644 0.1644 0.1644 0.1644 0.1644 0.1644 0.1644 0.1644 0.1644 0.1644 0.1644 0.1644 0.1644 0.1644
OPRS 0.083 0.083 0.083 0.083 0.083 0.083 0.083 0.083 0.083 0.083 0.083 0.083 0.083 0.083 0.083 0.083 0.083 0.083 0.083 0.083 0.083 0.083 0.083
PDS 0.1512 0.1512 0.1512 0.1512 0.1512 0.1512 0.1512 0.1512 0.1512 0.1512 0.1512 0.1512 0.1512 0.1512 0.1512 0.1512 0.1512 0.1512 0.1512 0.1512 0.1512 0.1512 0.1512
PRS 0.0765 0.0765 0.0765 0.0765 0.0765 0.0765 0.0765 0.0765 0.0765 0.0765 0.0765 0.0765 0.0765 0.0765 0.0765 0.0765 0.0765 0.0765 0.0765 0.0765 0.0765 0.0765 0.0765
SD 0.3447 0.3447 0.3447 0.3447 0.3447 0.3447 0.3447 0.3447 0.3447 0.3447 0.3447 0.3447 0.3447 0.3447 0.3447 0.3447 0.3447 0.3447 0.3447 0.3447 0.3447 0.3447 0.3447
SR 0.1801 0.1801 0.1801 0.1801 0.1801 0.1801 0.1801 0.1801 0.1801 0.1801 0.1801 0.1801 0.1801 0.1801 0.1801 0.1801 0.1801 0.1801 0.1801 0.1801 0.1801 0.1801 0.1801
;

param StorageLevelStart default 0 :=
;

param StorageMaxChargeRate default 0 :=
;

param StorageMaxDischargeRate default 0 :=
;

param TechnologyFromStorage default 0 :=
;

param TechnologyToStorage default 0 :=
;

param TotalAnnualMaxCapacity default 99999 :=
[UGANDA,*,*]:
2018 2019 2020 2021 2022 2023 2024 2025 2026 2027 2028 2029 2030 2031 2032 2033 2034 2035 2036 2037 2038 2039 2040:=
PWRGEO001 0 0 0 0 0 0 0 0.15 0.15 0.15 0.15 0.15 0.15 0.15 0.15 0.15 0.15 0.15 0.15 0.15 0.15 0.15 0.15
PWRHFOE01 0.12 0.12 0.056 0.056 0.056 0.056 0.056 0.056 0.056 0.056 0.056 0.056 0.056 0.056 0.056 0.056 0.056 0.056 0.056 0.056 0.056 0.056 0.056
PWRHYD001 0.63 0.63 0.63 0.63 0.63 0.63 0.63 0.63 0.63 0.63 0.63 0.63 0.63 0.63 0.63 0.63 0.63 0.63 0.63 0.63 0.63 0.63 0.63
PWRHYD002 0 0 0.612 0.712 1.412 1.412 1.412 1.7 1.7 1.7 2.45 2.45 2.45 2.45 2.45 2.45 2.45 2.45 2.45 2.45 2.45 2.45 2.45
PWRSOL001 0 0 0 0 0 0 0 0.05 0.05 0.05 0.05 0.05 0.1 0.1 0.1 0.1 0.1 0.15 0.15 0.15 0.15 0.15 0.2
;

param TotalAnnualMaxCapacityInvestment default 99999 :=
[UGANDA,*,*]:
2018 2019 2020 2021 2022 2023 2024 2025 2026 2027 2028 2029 2030 2031 2032 2033 2034 2035 2036 2037 2038 2039 2040:=
PWRDSL001 0.4 0.4 0.4 0.4 0.4 0.4 0.4 0.4 0.4 0.4 0.4 0.4 0.4 0.4 0.4 0.4 0.4 0.4 0.4 0.4 0.4 0.4 0.4
PWRHYD002 0 0 0.612 0.712 1.412 1.412 1.412 1.7 1.7 1.7 2.45 2.45 2.45 2.45 2.45 2.45 2.45 2.45 2.45 2.45 2.45 2.45 2.45
PWRSOL001 0 0 0 0 0 0 0 0.05 0.05 0.05 0.05 0.05 0.1 0.1 0.1 0.1 0.1 0.15 0.15 0.15 0.15 0.15 0.2
;

param TotalAnnualMinCapacity default 0 :=
;

param TotalAnnualMinCapacityInvestment default 0 :=
;

param TotalTechnologyAnnualActivityLowerLimit default 0 :=
[UGANDA,*,*]:
2018 2019 2020 2021 2022 2023 2024 2025 2026 2027 2028 2029 2030 2031 2032 2033 2034 2035 2036 2037 2038 2039 2040:=
CHP 0.589 0.6185 0.6495 0.6815 0.716 0.7515 0.789 0.8285 0.87 0.9135 0.9595 1.0075 1.0575 1.1105 1.166 1.2245 1.2855 1.35 1.4175 1.488 1.5625 1.6405 1.7225
;

param TotalTechnologyAnnualActivityUpperLimit default 99999 :=
;

param TotalTechnologyModelPeriodActivityLowerLimit default 0 :=
;

param TotalTechnologyModelPeriodActivityUpperLimit default 99999 :=
;

param TradeRoute default 0 :=
;

param VariableCost default 0.0001 :=
[UGANDA,BACKSTOP01,*,*]:
2018 2019 2020 2021 2022 2023 2024 2025 2026 2027 2028 2029 2030 2031 2032 2033 2034 2035 2036 2037 2038 2039 2040:=
1 999999 999999 999999 999999 999999 999999 999999 999999 999999 999999 999999 999999 999999 999999 999999 999999 999999 999999 999999 999999 999999 999999 999999
[UGANDA,CHP,*,*]:
2018 2019 2020 2021 2022 2023 2024 2025 2026 2027 2028 2029 2030 2031 2032 2033 2034 2035 2036 2037 2038 2039 2040:=
1 5.5598 5.5598 5.5598 5.5598 5.5598 5.5598 5.5598 5.5598 5.5598 5.5598 5.5598 5.5598 5.5598 5.5598 5.5598 5.5598 5.5598 5.5598 5.5598 5.5598 5.5598 5.5598 5.5598
[UGANDA,IMPDSL,*,*]:
2018 2019 2020 2021 2022 2023 2024 2025 2026 2027 2028 2029 2030 2031 2032 2033 2034 2035 2036 2037 2038 2039 2040:=
1 5 5 5 5 5 5 5 5 5 5 5 5 5 5 5 5 5 5 5 5 5 5 5
[UGANDA,PWRDSL001,*,*]:
2018 2019 2020 2021 2022 2023 2024 2025 2026 2027 2028 2029 2030 2031 2032 2033 2034 2035 2036 2037 2038 2039 2040:=
1 4.7222209 4.7222209 4.7222209 4.7222209 4.7222209 4.7222209 4.7222209 4.7222209 4.7222209 4.7222209 4.7222209 4.7222209 4.7222209 4.7222209 4.7222209 4.7222209 4.7222209 4.7222209 4.7222209 4.7222209 4.7222209 4.7222209 4.7222209
[UGANDA,PWRGEO001,*,*]:
2018 2019 2020 2021 2022 2023 2024 2025 2026 2027 2028 2029 2030 2031 2032 2033 2034 2035 2036 2037 2038 2039 2040:=
1 1.3888 1.3888 1.3888 1.3888 1.3888 1.3888 1.3888 1.3888 1.3888 1.3888 1.3888 1.3888 1.3888 1.3888 1.3888 1.3888 1.3888 1.3888 1.3888 1.3888 1.3888 1.3888 1.3888
[UGANDA,PWRHFOE01,*,*]:
2018 2019 2020 2021 2022 2023 2024 2025 2026 2027 2028 2029 2030 2031 2032 2033 2034 2035 2036 2037 2038 2039 2040:=
1 4.1666 4.1666 4.1666 4.1666 4.1666 4.1666 4.1666 4.1666 4.1666 4.1666 4.1666 4.1666 4.1666 4.1666 4.1666 4.1666 4.1666 4.1666 4.1666 4.1666 4.1666 4.1666 4.1666
[UGANDA,PWRHYD001,*,*]:
2018 2019 2020 2021 2022 2023 2024 2025 2026 2027 2028 2029 2030 2031 2032 2033 2034 2035 2036 2037 2038 2039 2040:=
1 0.32 0.32 0.32 0.32 0.32 0.32 0.32 0.32 0.32 0.32 0.32 0.32 0.32 0.32 0.32 0.32 0.32 0.32 0.32 0.32 0.32 0.32 0.32
[UGANDA,PWRHYD002,*,*]:
2018 2019 2020 2021 2022 2023 2024 2025 2026 2027 2028 2029 2030 2031 2032 2033 2034 2035 2036 2037 2038 2039 2040:=
1 0.32 0.32 0.32 0.32 0.32 0.32 0.32 0.32 0.32 0.32 0.32 0.32 0.32 0.32 0.32 0.32 0.32 0.32 0.32 0.32 0.32 0.32 0.32
[UGANDA,PWRSOL001,*,*]:
2018 2019 2020 2021 2022 2023 2024 2025 2026 2027 2028 2029 2030 2031 2032 2033 2034 2035 2036 2037 2038 2039 2040:=
1 5.58211 5.58211 5.58211 5.58211 5.58211 5.58211 5.58211 5.58211 5.58211 5.58211 5.58211 5.58211 5.58211 5.58211 5.58211 5.58211 5.58211 5.58211 5.58211 5.58211 5.58211 5.58211 5.58211
[UGANDA,PWRTRNE01,*,*]:
2018 2019 2020 2021 2022 2023 2024 2025 2026 2027 2028 2029 2030 2031 2032 2033 2034 2035 2036 2037 2038 2039 2040:=
1 0 0 0 0 0 0 0 0 0 0 0 0 0 0 0 0 0 0 0 0 0 0 0
;

param YearSplit default 0 :
2018 2019 2020 2021 2022 2023 2024 2025 2026 2027 2028 2029 2030 2031 2032 2033 2034 2035 2036 2037 2038 2039 2040:=
OPDS 0.1658 0.1825 0.1825 0.1825 0.1825 0.1825 0.1825 0.1825 0.1825 0.1825 0.1825 0.1825 0.1825 0.1825 0.1825 0.1825 0.1825 0.1825 0.1825 0.1825 0.1825 0.1825 0.1825
OPRS 0.0842 0.1825 0.1825 0.1825 0.1825 0.1825 0.1825 0.1825 0.1825 0.1825 0.1825 0.1825 0.1825 0.1825 0.1825 0.1825 0.1825 0.1825 0.1825 0.1825 0.1825 0.1825 0.1825
PDS 0.1381 0.1825 0.1825 0.1825 0.1825 0.1825 0.1825 0.1825 0.1825 0.1825 0.1825 0.1825 0.1825 0.1825 0.1825 0.1825 0.1825 0.1825 0.1825 0.1825 0.1825 0.1825 0.1825
PRS 0.0702 0.1825 0.1825 0.1825 0.1825 0.1825 0.1825 0.1825 0.1825 0.1825 0.1825 0.1825 0.1825 0.1825 0.1825 0.1825 0.1825 0.1825 0.1825 0.1825 0.1825 0.1825 0.1825
SD 0.3591 0.1825 0.1825 0.1825 0.1825 0.1825 0.1825 0.1825 0.1825 0.1825 0.1825 0.1825 0.1825 0.1825 0.1825 0.1825 0.1825 0.1825 0.1825 0.1825 0.1825 0.1825 0.1825
SR 0.1825 0.1825 0.1825 0.1825 0.1825 0.1825 0.1825 0.1825 0.1825 0.1825 0.1825 0.1825 0.1825 0.1825 0.1825 0.1825 0.1825 0.1825 0.1825 0.1825 0.1825 0.1825 0.1825
;

#
end;
