###############
#    Sets     #
###############
#
set COMMODITY := COAL DIESEL El_Commercial El_Distribution El_Industry El_Residential El_Transmission NG ;
set DAILYTIMEBRACKET := 1 2 ;
set SEASON := 1 2 3 4 ;
set STORAGE :=  ;
set DAYTYPE := 1 ;
set REGION := Afghanistan ;
set EMISSION :=  ;
set MODE_OF_OPERATION := 1 ;
set TECHNOLOGY := BS CO_Imp COPP Dist_Comm Dist_Ind Dist_Res DS_Import DSPP El_Import Hydro_Max Hydro_Med Hydro_Min NG_Imp NGPP PVPP Trans WIND ;
set TIMESLICE := AD AN SPD SPN SUD SUN WD WN ;
set YEAR := 2019 2020 2021 2022 2023 2024 2025 2026 2027 2028 2029 2030 2031 2032 2033 2034 2035 2036 2037 2038 2039 2040 2041 2042 2043 2044 2045 2046 2047 2048 2049 2050 ;


#####################
#    Parameters     #
#####################
#
param AccumulatedAnnualDemand default 0 :=
;

param AnnualEmissionLimit default 9999999 :=
;

param AnnualExogenousEmission default 0 :=
;

param AvailabilityFactor default 1 :=
[Afghanistan,*,*]:
2019 2020 2021 2022 2023 2024 2025 2026 2027 2028 2029 2030 2031 2032 2033 2034 2035 2036 2037 2038 2039 2040 2041 2042 2043 2044 2045 2046 2047 2048 2049 2050:=
COPP 0.92 0.92 0.92 0.92 0.92 0.92 0.92 0.92 0.92 0.92 0.92 0.92 0.92 0.92 0.92 0.92 0.92 0.92 0.92 0.92 0.92 0.92 0.92 0.92 0.92 0.92 0.92 0.92 0.92 0.92 0.92 0.92
DSPP 0.9 0.9 0.9 0.9 0.9 0.9 0.9 0.9 0.9 0.9 0.9 0.9 0.9 0.9 0.9 0.9 0.9 0.9 0.9 0.9 0.9 0.9 0.9 0.9 0.9 0.9 0.9 0.9 0.9 0.9 0.9 0.9
Hydro_Max 0.98 0.98 0.98 0.98 0.98 0.98 0.98 0.98 0.98 0.98 0.98 0.98 0.98 0.98 0.98 0.98 0.98 0.98 0.98 0.98 0.98 0.98 0.98 0.98 0.98 0.98 0.98 0.98 0.98 0.98 0.98 0.98
Hydro_Med 0.98 0.98 0.98 0.98 0.98 0.98 0.98 0.98 0.98 0.98 0.98 0.98 0.98 0.98 0.98 0.98 0.98 0.98 0.98 0.98 0.98 0.98 0.98 0.98 0.98 0.98 0.98 0.98 0.98 0.98 0.98 0.98
Hydro_Min 0.98 0.98 0.98 0.98 0.98 0.98 0.98 0.98 0.98 0.98 0.98 0.98 0.98 0.98 0.98 0.98 0.98 0.98 0.98 0.98 0.98 0.98 0.98 0.98 0.98 0.98 0.98 0.98 0.98 0.98 0.98 0.98
NGPP 0.92 0.92 0.92 0.92 0.92 0.92 0.92 0.92 0.92 0.92 0.92 0.92 0.92 0.92 0.92 0.92 0.92 0.92 0.92 0.92 0.92 0.92 0.92 0.92 0.92 0.92 0.92 0.92 0.92 0.92 0.92 0.92
;

param BEVFHCapacityAnnualConstraint default 0 :=
;

param BEVFHTagTechnology default 0 :=
;

param BEVFLCapacityAnnualConstraint default 0 :=
;

param BEVFLTagTechnology default 0 :=
;

param BEVP2CapacityAnnualConstraint default 0 :=
;

param BEVP2TagTechnology default 0 :=
;

param BEVP3CapacityAnnualConstraint default 0 :=
;

param BEVP3TagTechnology default 0 :=
;

param BEVPBCapacityAnnualConstraint default 0 :=
;

param BEVPBTagTechnology default 0 :=
;

param BEVPCCapacityAnnualConstraint default 0 :=
;

param BEVPCTagTechnology default 0 :=
;

param CapacityFactor default 1 :=
[Afghanistan,COPP,*,*]:
2019 2020 2021 2022 2023 2024 2025 2026 2027 2028 2029 2030 2031 2032 2033 2034 2035 2036 2037 2038 2039 2040 2041 2042 2043 2044 2045 2046 2047 2048 2049 2050:=
AD 0.95 0.95 0.95 0.95 0.95 0.95 0.95 0.95 0.95 0.95 0.95 0.95 0.95 0.95 0.95 0.95 0.95 0.95 0.95 0.95 0.95 0.95 0.95 0.95 0.95 0.95 0.95 0.95 0.95 0.95 0.95 0.95
AN 0.95 0.95 0.95 0.95 0.95 0.95 0.95 0.95 0.95 0.95 0.95 0.95 0.95 0.95 0.95 0.95 0.95 0.95 0.95 0.95 0.95 0.95 0.95 0.95 0.95 0.95 0.95 0.95 0.95 0.95 0.95 0.95
SPD 0.95 0.95 0.95 0.95 0.95 0.95 0.95 0.95 0.95 0.95 0.95 0.95 0.95 0.95 0.95 0.95 0.95 0.95 0.95 0.95 0.95 0.95 0.95 0.95 0.95 0.95 0.95 0.95 0.95 0.95 0.95 0.95
SPN 0.95 0.95 0.95 0.95 0.95 0.95 0.95 0.95 0.95 0.95 0.95 0.95 0.95 0.95 0.95 0.95 0.95 0.95 0.95 0.95 0.95 0.95 0.95 0.95 0.95 0.95 0.95 0.95 0.95 0.95 0.95 0.95
SUD 0.95 0.95 0.95 0.95 0.95 0.95 0.95 0.95 0.95 0.95 0.95 0.95 0.95 0.95 0.95 0.95 0.95 0.95 0.95 0.95 0.95 0.95 0.95 0.95 0.95 0.95 0.95 0.95 0.95 0.95 0.95 0.95
SUN 0.95 0.95 0.95 0.95 0.95 0.95 0.95 0.95 0.95 0.95 0.95 0.95 0.95 0.95 0.95 0.95 0.95 0.95 0.95 0.95 0.95 0.95 0.95 0.95 0.95 0.95 0.95 0.95 0.95 0.95 0.95 0.95
WD 0.95 0.95 0.95 0.95 0.95 0.95 0.95 0.95 0.95 0.95 0.95 0.95 0.95 0.95 0.95 0.95 0.95 0.95 0.95 0.95 0.95 0.95 0.95 0.95 0.95 0.95 0.95 0.95 0.95 0.95 0.95 0.95
WN 0.95 0.95 0.95 0.95 0.95 0.95 0.95 0.95 0.95 0.95 0.95 0.95 0.95 0.95 0.95 0.95 0.95 0.95 0.95 0.95 0.95 0.95 0.95 0.95 0.95 0.95 0.95 0.95 0.95 0.95 0.95 0.95
[Afghanistan,DSPP,*,*]:
2019 2020 2021 2022 2023 2024 2025 2026 2027 2028 2029 2030 2031 2032 2033 2034 2035 2036 2037 2038 2039 2040 2041 2042 2043 2044 2045 2046 2047 2048 2049 2050:=
AD 0.943 0.943 0.943 0.943 0.943 0.943 0.943 0.943 0.943 0.943 0.943 0.943 0.943 0.943 0.943 0.943 0.943 0.943 0.943 0.943 0.943 0.943 0.943 0.943 0.943 0.943 0.943 0.943 0.943 0.943 0.943 0.943
AN 0.943 0.943 0.943 0.943 0.943 0.943 0.943 0.943 0.943 0.943 0.943 0.943 0.943 0.943 0.943 0.943 0.943 0.943 0.943 0.943 0.943 0.943 0.943 0.943 0.943 0.943 0.943 0.943 0.943 0.943 0.943 0.943
SPD 0.943 0.943 0.943 0.943 0.943 0.943 0.943 0.943 0.943 0.943 0.943 0.943 0.943 0.943 0.943 0.943 0.943 0.943 0.943 0.943 0.943 0.943 0.943 0.943 0.943 0.943 0.943 0.943 0.943 0.943 0.943 0.943
SPN 0.943 0.943 0.943 0.943 0.943 0.943 0.943 0.943 0.943 0.943 0.943 0.943 0.943 0.943 0.943 0.943 0.943 0.943 0.943 0.943 0.943 0.943 0.943 0.943 0.943 0.943 0.943 0.943 0.943 0.943 0.943 0.943
SUD 0.943 0.943 0.943 0.943 0.943 0.943 0.943 0.943 0.943 0.943 0.943 0.943 0.943 0.943 0.943 0.943 0.943 0.943 0.943 0.943 0.943 0.943 0.943 0.943 0.943 0.943 0.943 0.943 0.943 0.943 0.943 0.943
SUN 0.943 0.943 0.943 0.943 0.943 0.943 0.943 0.943 0.943 0.943 0.943 0.943 0.943 0.943 0.943 0.943 0.943 0.943 0.943 0.943 0.943 0.943 0.943 0.943 0.943 0.943 0.943 0.943 0.943 0.943 0.943 0.943
WD 0.943 0.943 0.943 0.943 0.943 0.943 0.943 0.943 0.943 0.943 0.943 0.943 0.943 0.943 0.943 0.943 0.943 0.943 0.943 0.943 0.943 0.943 0.943 0.943 0.943 0.943 0.943 0.943 0.943 0.943 0.943 0.943
WN 0.943 0.943 0.943 0.943 0.943 0.943 0.943 0.943 0.943 0.943 0.943 0.943 0.943 0.943 0.943 0.943 0.943 0.943 0.943 0.943 0.943 0.943 0.943 0.943 0.943 0.943 0.943 0.943 0.943 0.943 0.943 0.943
[Afghanistan,Hydro_Max,*,*]:
2019 2020 2021 2022 2023 2024 2025 2026 2027 2028 2029 2030 2031 2032 2033 2034 2035 2036 2037 2038 2039 2040 2041 2042 2043 2044 2045 2046 2047 2048 2049 2050:=
AD 0.46 0.46 0.46 0.46 0.46 0.46 0.46 0.46 0.46 0.46 0.46 0.46 0.46 0.46 0.46 0.46 0.46 0.46 0.46 0.46 0.46 0.46 0.46 0.46 0.46 0.46 0.46 0.46 0.46 0.46 0.46 0.46
AN 0.46 0.46 0.46 0.46 0.46 0.46 0.46 0.46 0.46 0.46 0.46 0.46 0.46 0.46 0.46 0.46 0.46 0.46 0.46 0.46 0.46 0.46 0.46 0.46 0.46 0.46 0.46 0.46 0.46 0.46 0.46 0.46
SPD 0.46 0.46 0.46 0.46 0.46 0.46 0.46 0.46 0.46 0.46 0.46 0.46 0.46 0.46 0.46 0.46 0.46 0.46 0.46 0.46 0.46 0.46 0.46 0.46 0.46 0.46 0.46 0.46 0.46 0.46 0.46 0.46
SPN 0.46 0.46 0.46 0.46 0.46 0.46 0.46 0.46 0.46 0.46 0.46 0.46 0.46 0.46 0.46 0.46 0.46 0.46 0.46 0.46 0.46 0.46 0.46 0.46 0.46 0.46 0.46 0.46 0.46 0.46 0.46 0.46
SUD 0.46 0.46 0.46 0.46 0.46 0.46 0.46 0.46 0.46 0.46 0.46 0.46 0.46 0.46 0.46 0.46 0.46 0.46 0.46 0.46 0.46 0.46 0.46 0.46 0.46 0.46 0.46 0.46 0.46 0.46 0.46 0.46
SUN 0.46 0.46 0.46 0.46 0.46 0.46 0.46 0.46 0.46 0.46 0.46 0.46 0.46 0.46 0.46 0.46 0.46 0.46 0.46 0.46 0.46 0.46 0.46 0.46 0.46 0.46 0.46 0.46 0.46 0.46 0.46 0.46
WD 0.46 0.46 0.46 0.46 0.46 0.46 0.46 0.46 0.46 0.46 0.46 0.46 0.46 0.46 0.46 0.46 0.46 0.46 0.46 0.46 0.46 0.46 0.46 0.46 0.46 0.46 0.46 0.46 0.46 0.46 0.46 0.46
WN 0.46 0.46 0.46 0.46 0.46 0.46 0.46 0.46 0.46 0.46 0.46 0.46 0.46 0.46 0.46 0.46 0.46 0.46 0.46 0.46 0.46 0.46 0.46 0.46 0.46 0.46 0.46 0.46 0.46 0.46 0.46 0.46
[Afghanistan,Hydro_Med,*,*]:
2019 2020 2021 2022 2023 2024 2025 2026 2027 2028 2029 2030 2031 2032 2033 2034 2035 2036 2037 2038 2039 2040 2041 2042 2043 2044 2045 2046 2047 2048 2049 2050:=
AD 0.45 0.45 0.45 0.45 0.45 0.45 0.45 0.45 0.45 0.45 0.45 0.45 0.45 0.45 0.45 0.45 0.45 0.45 0.45 0.45 0.45 0.45 0.45 0.45 0.45 0.45 0.45 0.45 0.45 0.45 0.45 0.45
AN 0.45 0.45 0.45 0.45 0.45 0.45 0.45 0.45 0.45 0.45 0.45 0.45 0.45 0.45 0.45 0.45 0.45 0.45 0.45 0.45 0.45 0.45 0.45 0.45 0.45 0.45 0.45 0.45 0.45 0.45 0.45 0.45
SPD 0.45 0.45 0.45 0.45 0.45 0.45 0.45 0.45 0.45 0.45 0.45 0.45 0.45 0.45 0.45 0.45 0.45 0.45 0.45 0.45 0.45 0.45 0.45 0.45 0.45 0.45 0.45 0.45 0.45 0.45 0.45 0.45
SPN 0.45 0.45 0.45 0.45 0.45 0.45 0.45 0.45 0.45 0.45 0.45 0.45 0.45 0.45 0.45 0.45 0.45 0.45 0.45 0.45 0.45 0.45 0.45 0.45 0.45 0.45 0.45 0.45 0.45 0.45 0.45 0.45
SUD 0.45 0.45 0.45 0.45 0.45 0.45 0.45 0.45 0.45 0.45 0.45 0.45 0.45 0.45 0.45 0.45 0.45 0.45 0.45 0.45 0.45 0.45 0.45 0.45 0.45 0.45 0.45 0.45 0.45 0.45 0.45 0.45
SUN 0.45 0.45 0.45 0.45 0.45 0.45 0.45 0.45 0.45 0.45 0.45 0.45 0.45 0.45 0.45 0.45 0.45 0.45 0.45 0.45 0.45 0.45 0.45 0.45 0.45 0.45 0.45 0.45 0.45 0.45 0.45 0.45
WD 0.45 0.45 0.45 0.45 0.45 0.45 0.45 0.45 0.45 0.45 0.45 0.45 0.45 0.45 0.45 0.45 0.45 0.45 0.45 0.45 0.45 0.45 0.45 0.45 0.45 0.45 0.45 0.45 0.45 0.45 0.45 0.45
WN 0.45 0.45 0.45 0.45 0.45 0.45 0.45 0.45 0.45 0.45 0.45 0.45 0.45 0.45 0.45 0.45 0.45 0.45 0.45 0.45 0.45 0.45 0.45 0.45 0.45 0.45 0.45 0.45 0.45 0.45 0.45 0.45
[Afghanistan,Hydro_Min,*,*]:
2019 2020 2021 2022 2023 2024 2025 2026 2027 2028 2029 2030 2031 2032 2033 2034 2035 2036 2037 2038 2039 2040 2041 2042 2043 2044 2045 2046 2047 2048 2049 2050:=
AD 0.44 0.44 0.44 0.44 0.44 0.44 0.44 0.44 0.44 0.44 0.44 0.44 0.44 0.44 0.44 0.44 0.44 0.44 0.44 0.44 0.44 0.44 0.44 0.44 0.44 0.44 0.44 0.44 0.44 0.44 0.44 0.44
AN 0.44 0.44 0.44 0.44 0.44 0.44 0.44 0.44 0.44 0.44 0.44 0.44 0.44 0.44 0.44 0.44 0.44 0.44 0.44 0.44 0.44 0.44 0.44 0.44 0.44 0.44 0.44 0.44 0.44 0.44 0.44 0.44
SPD 0.44 0.44 0.44 0.44 0.44 0.44 0.44 0.44 0.44 0.44 0.44 0.44 0.44 0.44 0.44 0.44 0.44 0.44 0.44 0.44 0.44 0.44 0.44 0.44 0.44 0.44 0.44 0.44 0.44 0.44 0.44 0.44
SPN 0.44 0.44 0.44 0.44 0.44 0.44 0.44 0.44 0.44 0.44 0.44 0.44 0.44 0.44 0.44 0.44 0.44 0.44 0.44 0.44 0.44 0.44 0.44 0.44 0.44 0.44 0.44 0.44 0.44 0.44 0.44 0.44
SUD 0.44 0.44 0.44 0.44 0.44 0.44 0.44 0.44 0.44 0.44 0.44 0.44 0.44 0.44 0.44 0.44 0.44 0.44 0.44 0.44 0.44 0.44 0.44 0.44 0.44 0.44 0.44 0.44 0.44 0.44 0.44 0.44
SUN 0.44 0.44 0.44 0.44 0.44 0.44 0.44 0.44 0.44 0.44 0.44 0.44 0.44 0.44 0.44 0.44 0.44 0.44 0.44 0.44 0.44 0.44 0.44 0.44 0.44 0.44 0.44 0.44 0.44 0.44 0.44 0.44
WD 0.44 0.44 0.44 0.44 0.44 0.44 0.44 0.44 0.44 0.44 0.44 0.44 0.44 0.44 0.44 0.44 0.44 0.44 0.44 0.44 0.44 0.44 0.44 0.44 0.44 0.44 0.44 0.44 0.44 0.44 0.44 0.44
WN 0.44 0.44 0.44 0.44 0.44 0.44 0.44 0.44 0.44 0.44 0.44 0.44 0.44 0.44 0.44 0.44 0.44 0.44 0.44 0.44 0.44 0.44 0.44 0.44 0.44 0.44 0.44 0.44 0.44 0.44 0.44 0.44
[Afghanistan,NGPP,*,*]:
2019 2020 2021 2022 2023 2024 2025 2026 2027 2028 2029 2030 2031 2032 2033 2034 2035 2036 2037 2038 2039 2040 2041 2042 2043 2044 2045 2046 2047 2048 2049 2050:=
AD 0.95 0.95 0.95 0.95 0.95 0.95 0.95 0.95 0.95 0.95 0.95 0.95 0.95 0.95 0.95 0.95 0.95 0.95 0.95 0.95 0.95 0.95 0.95 0.95 0.95 0.95 0.95 0.95 0.95 0.95 0.95 0.95
AN 0.95 0.95 0.95 0.95 0.95 0.95 0.95 0.95 0.95 0.95 0.95 0.95 0.95 0.95 0.95 0.95 0.95 0.95 0.95 0.95 0.95 0.95 0.95 0.95 0.95 0.95 0.95 0.95 0.95 0.95 0.95 0.95
SPD 0.95 0.95 0.95 0.95 0.95 0.95 0.95 0.95 0.95 0.95 0.95 0.95 0.95 0.95 0.95 0.95 0.95 0.95 0.95 0.95 0.95 0.95 0.95 0.95 0.95 0.95 0.95 0.95 0.95 0.95 0.95 0.95
SPN 0.95 0.95 0.95 0.95 0.95 0.95 0.95 0.95 0.95 0.95 0.95 0.95 0.95 0.95 0.95 0.95 0.95 0.95 0.95 0.95 0.95 0.95 0.95 0.95 0.95 0.95 0.95 0.95 0.95 0.95 0.95 0.95
SUD 0.95 0.95 0.95 0.95 0.95 0.95 0.95 0.95 0.95 0.95 0.95 0.95 0.95 0.95 0.95 0.95 0.95 0.95 0.95 0.95 0.95 0.95 0.95 0.95 0.95 0.95 0.95 0.95 0.95 0.95 0.95 0.95
SUN 0.95 0.95 0.95 0.95 0.95 0.95 0.95 0.95 0.95 0.95 0.95 0.95 0.95 0.95 0.95 0.95 0.95 0.95 0.95 0.95 0.95 0.95 0.95 0.95 0.95 0.95 0.95 0.95 0.95 0.95 0.95 0.95
WD 0.95 0.95 0.95 0.95 0.95 0.95 0.95 0.95 0.95 0.95 0.95 0.95 0.95 0.95 0.95 0.95 0.95 0.95 0.95 0.95 0.95 0.95 0.95 0.95 0.95 0.95 0.95 0.95 0.95 0.95 0.95 0.95
WN 0.95 0.95 0.95 0.95 0.95 0.95 0.95 0.95 0.95 0.95 0.95 0.95 0.95 0.95 0.95 0.95 0.95 0.95 0.95 0.95 0.95 0.95 0.95 0.95 0.95 0.95 0.95 0.95 0.95 0.95 0.95 0.95
[Afghanistan,PVPP,*,*]:
2019 2020 2021 2022 2023 2024 2025 2026 2027 2028 2029 2030 2031 2032 2033 2034 2035 2036 2037 2038 2039 2040 2041 2042 2043 2044 2045 2046 2047 2048 2049 2050:=
AD 0.285 0.285 0.285 0.285 0.285 0.285 0.285 0.285 0.285 0.285 0.285 0.285 0.285 0.285 0.285 0.285 0.285 0.285 0.285 0.285 0.285 0.285 0.285 0.285 0.285 0.285 0.285 0.285 0.285 0.285 0.285 0.285
AN 0 0 0 0 0 0 0 0 0 0 0 0 0 0 0 0 0 0 0 0 0 0 0 0 0 0 0 0 0 0 0 0
SPD 0.3048 0.3048 0.3048 0.3048 0.3048 0.3048 0.3048 0.3048 0.3048 0.3048 0.3048 0.3048 0.3048 0.3048 0.3048 0.3048 0.3048 0.3048 0.3048 0.3048 0.3048 0.3048 0.3048 0.3048 0.3048 0.3048 0.3048 0.3048 0.3048 0.3048 0.3048 0.3048
SPN 0 0 0 0 0 0 0 0 0 0 0 0 0 0 0 0 0 0 0 0 0 0 0 0 0 0 0 0 0 0 0 0
SUD 0.3644 0.3644 0.3644 0.3644 0.3644 0.3644 0.3644 0.3644 0.3644 0.3644 0.3644 0.3644 0.3644 0.3644 0.3644 0.3644 0.3644 0.3644 0.3644 0.3644 0.3644 0.3644 0.3644 0.3644 0.3644 0.3644 0.3644 0.3644 0.3644 0.3644 0.3644 0.3644
SUN 0 0 0 0 0 0 0 0 0 0 0 0 0 0 0 0 0 0 0 0 0 0 0 0 0 0 0 0 0 0 0 0
WD 0.247 0.247 0.247 0.247 0.247 0.247 0.247 0.247 0.247 0.247 0.247 0.247 0.247 0.247 0.247 0.247 0.247 0.247 0.247 0.247 0.247 0.247 0.247 0.247 0.247 0.247 0.247 0.247 0.247 0.247 0.247 0.247
WN 0 0 0 0 0 0 0 0 0 0 0 0 0 0 0 0 0 0 0 0 0 0 0 0 0 0 0 0 0 0 0 0
[Afghanistan,WIND,*,*]:
2019 2020 2021 2022 2023 2024 2025 2026 2027 2028 2029 2030 2031 2032 2033 2034 2035 2036 2037 2038 2039 2040 2041 2042 2043 2044 2045 2046 2047 2048 2049 2050:=
AD 0.2664 0.2664 0.2664 0.2664 0.2664 0.2664 0.2664 0.2664 0.2664 0.2664 0.2664 0.2664 0.2664 0.2664 0.2664 0.2664 0.2664 0.2664 0.2664 0.2664 0.2664 0.2664 0.2664 0.2664 0.2664 0.2664 0.2664 0.2664 0.2664 0.2664 0.2664 0.2664
AN 0.2664 0.2664 0.2664 0.2664 0.2664 0.2664 0.2664 0.2664 0.2664 0.2664 0.2664 0.2664 0.2664 0.2664 0.2664 0.2664 0.2664 0.2664 0.2664 0.2664 0.2664 0.2664 0.2664 0.2664 0.2664 0.2664 0.2664 0.2664 0.2664 0.2664 0.2664 0.2664
SPD 0.315 0.315 0.315 0.315 0.315 0.315 0.315 0.315 0.315 0.315 0.315 0.315 0.315 0.315 0.315 0.315 0.315 0.315 0.315 0.315 0.315 0.315 0.315 0.315 0.315 0.315 0.315 0.315 0.315 0.315 0.315 0.315
SPN 0.315 0.315 0.315 0.315 0.315 0.315 0.315 0.315 0.315 0.315 0.315 0.315 0.315 0.315 0.315 0.315 0.315 0.315 0.315 0.315 0.315 0.315 0.315 0.315 0.315 0.315 0.315 0.315 0.315 0.315 0.315 0.315
SUD 0.4617 0.4617 0.4617 0.4617 0.4617 0.4617 0.4617 0.4617 0.4617 0.4617 0.4617 0.4617 0.4617 0.4617 0.4617 0.4617 0.4617 0.4617 0.4617 0.4617 0.4617 0.4617 0.4617 0.4617 0.4617 0.4617 0.4617 0.4617 0.4617 0.4617 0.4617 0.4617
SUN 0.4617 0.4617 0.4617 0.4617 0.4617 0.4617 0.4617 0.4617 0.4617 0.4617 0.4617 0.4617 0.4617 0.4617 0.4617 0.4617 0.4617 0.4617 0.4617 0.4617 0.4617 0.4617 0.4617 0.4617 0.4617 0.4617 0.4617 0.4617 0.4617 0.4617 0.4617 0.4617
WD 0.2367 0.2367 0.2367 0.2367 0.2367 0.2367 0.2367 0.2367 0.2367 0.2367 0.2367 0.2367 0.2367 0.2367 0.2367 0.2367 0.2367 0.2367 0.2367 0.2367 0.2367 0.2367 0.2367 0.2367 0.2367 0.2367 0.2367 0.2367 0.2367 0.2367 0.2367 0.2367
WN 0.2367 0.2367 0.2367 0.2367 0.2367 0.2367 0.2367 0.2367 0.2367 0.2367 0.2367 0.2367 0.2367 0.2367 0.2367 0.2367 0.2367 0.2367 0.2367 0.2367 0.2367 0.2367 0.2367 0.2367 0.2367 0.2367 0.2367 0.2367 0.2367 0.2367 0.2367 0.2367
;

param CapacityOfOneTechnologyUnit default 0 :=
;

param CapacityToActivityUnit default 1 :
BS CO_Imp COPP Dist_Comm Dist_Ind Dist_Res DS_Import DSPP El_Import Hydro_Max Hydro_Med Hydro_Min NG_Imp NGPP PVPP Trans WIND:=
Afghanistan 8.76 1 8.76 8.76 8.76 8.76 1 8.76 1 8.76 8.76 8.76 1 8.76 8.76 8.76 8.76
;

param CapitalCost default 1e-7 :=
[Afghanistan,*,*]:
2019 2020 2021 2022 2023 2024 2025 2026 2027 2028 2029 2030 2031 2032 2033 2034 2035 2036 2037 2038 2039 2040 2041 2042 2043 2044 2045 2046 2047 2048 2049 2050:=
COPP 1.6 1.6 1.6 1.6 1.6 1.6 1.6 1.6 1.6 1.6 1.6 1.6 1.6 1.6 1.6 1.6 1.6 1.6 1.6 1.6 1.6 1.6 1.6 1.6 1.6 1.6 1.6 1.6 1.6 1.6 1.6 1.6
DSPP 0.65 0.65 0.65 0.65 0.65 0.65 0.65 0.65 0.65 0.65 0.65 0.65 0.65 0.65 0.65 0.65 0.65 0.65 0.65 0.65 0.65 0.65 0.65 0.65 0.65 0.65 0.65 0.65 0.65 0.65 0.65 0.65
Hydro_Max 2.15 2.15 2.15 2.15 2.15 2.15 2.15 2.15 2.15 2.15 2.15 2.2 2.2 2.2 2.2 2.2 2.2 2.2 2.2 2.2 2.2 2.2 2.2 2.2 2.2 2.2 2.2 2.2 2.2 2.2 2.2 2.2
Hydro_Med 2.775 2.775 2.775 2.775 2.775 2.775 2.775 2.775 2.775 2.775 2.775 2.8 2.8 2.8 2.8 2.8 2.8 2.8 2.8 2.8 2.8 2.825 2.825 2.825 2.825 2.825 2.825 2.825 2.825 2.825 2.825 2.825
Hydro_Min 3.4 3.4 3.4 3.4 3.4 3.4 3.4 3.4 3.4 3.4 3.4 3.4 3.4 3.4 3.4 3.4 3.4 3.4 3.4 3.4 3.4 3.45 3.45 3.45 3.45 3.45 3.45 3.45 3.45 3.45 3.45 3.45
NGPP 0.45 0.45 0.45 0.45 0.45 0.45 0.45 0.45 0.45 0.45 0.45 0.45 0.45 0.45 0.45 0.45 0.45 0.45 0.45 0.45 0.45 0.45 0.45 0.45 0.45 0.45 0.45 0.45 0.45 0.45 0.45 0.45
PVPP 2.36 1.64 1.64 1.64 1.64 1.64 1.64 1.64 1.64 1.64 1.64 1.26 1.26 1.26 1.26 1.26 1.26 1.26 1.26 1.26 1.26 1.1 1.1 1.1 1.1 1.1 1.1 1.1 1.1 1.1 1.1 1.1
WIND 2.02 1.92 1.92 1.92 1.92 1.92 1.92 1.92 1.92 1.92 1.92 1.84 1.84 1.84 1.84 1.84 1.84 1.84 1.84 1.84 1.84 1.8 1.8 1.8 1.8 1.8 1.8 1.8 1.8 1.8 1.8 1.8
;

param CapitalCostStorage default 0 :=
;

param Conversionld default 0 :=
;

param Conversionlh default 0 :=
;

param Conversionls default 0 :=
;

param DaySplit default 0 :=
;

param DaysInDayType default 0 :=
;

param DepreciationMethod default 1 :=
;

param DiscountRate default 0.05 :=
;

param EmissionActivityRatio default 0 :=
;

param EmissionsPenalty default 0 :=
;

param FixedCost default 1e-7 :=
[Afghanistan,*,*]:
2019 2020 2021 2022 2023 2024 2025 2026 2027 2028 2029 2030 2031 2032 2033 2034 2035 2036 2037 2038 2039 2040 2041 2042 2043 2044 2045 2046 2047 2048 2049 2050:=
COPP 0.065 0.065 0.065 0.065 0.065 0.065 0.065 0.065 0.065 0.065 0.065 0.065 0.065 0.065 0.065 0.065 0.065 0.065 0.065 0.065 0.065 0.065 0.065 0.065 0.065 0.065 0.065 0.065 0.065 0.065 0.065 0.065
DSPP 0.0078 0.0078 0.0078 0.0078 0.0078 0.0078 0.0078 0.0078 0.0078 0.0078 0.0078 0.0078 0.0078 0.0078 0.0078 0.0078 0.0078 0.0078 0.0078 0.0078 0.0078 0.0078 0.0078 0.0078 0.0078 0.0078 0.0078 0.0078 0.0078 0.0078 0.0078 0.0078
Hydro_Max 0.055 0.055 0.055 0.055 0.055 0.055 0.055 0.055 0.055 0.055 0.055 0.055 0.055 0.055 0.055 0.055 0.055 0.055 0.055 0.055 0.055 0.055 0.055 0.055 0.055 0.055 0.055 0.055 0.055 0.055 0.055 0.055
Hydro_Med 0.0625 0.0625 0.0625 0.0625 0.0625 0.0625 0.0625 0.0625 0.0625 0.0625 0.0625 0.0625 0.0625 0.0625 0.0625 0.0625 0.0625 0.0625 0.0625 0.0625 0.0625 0.0625 0.0625 0.0625 0.0625 0.0625 0.0625 0.0625 0.0625 0.0625 0.0625 0.0625
Hydro_Min 0.07 0.07 0.07 0.07 0.07 0.07 0.07 0.07 0.07 0.07 0.07 0.07 0.07 0.07 0.07 0.07 0.07 0.07 0.07 0.07 0.07 0.07 0.07 0.07 0.07 0.07 0.07 0.07 0.07 0.07 0.07 0.07
NGPP 0.025 0.025 0.025 0.025 0.025 0.025 0.025 0.025 0.025 0.025 0.025 0.025 0.025 0.025 0.025 0.025 0.025 0.025 0.025 0.025 0.025 0.025 0.025 0.025 0.025 0.025 0.025 0.025 0.025 0.025 0.025 0.025
PVPP 0.024 0.22 0.22 0.22 0.22 0.22 0.22 0.22 0.22 0.22 0.22 0.2 0.2 0.2 0.2 0.2 0.2 0.2 0.2 0.2 0.2 0.2 0.2 0.2 0.2 0.2 0.2 0.2 0.2 0.2 0.2 0.2
WIND 0.05 0.48 0.48 0.48 0.48 0.48 0.48 0.48 0.48 0.48 0.48 0.48 0.48 0.48 0.48 0.48 0.48 0.48 0.48 0.48 0.48 0.46 0.46 0.46 0.46 0.46 0.46 0.46 0.46 0.46 0.46 0.46
;

param InputActivityRatio default 0 :=
[Afghanistan,COPP,COAL,*,*]:
2019 2020 2021 2022 2023 2024 2025 2026 2027 2028 2029 2030 2031 2032 2033 2034 2035 2036 2037 2038 2039 2040 2041 2042 2043 2044 2045 2046 2047 2048 2049 2050:=
1 2.439 2.439 2.439 2.439 2.439 2.439 2.439 2.439 2.439 2.439 2.439 2.439 2.439 2.439 2.439 2.439 2.439 2.439 2.439 2.439 2.439 2.439 2.439 2.439 2.439 2.439 2.439 2.439 2.439 2.439 2.439 2.439
[Afghanistan,Dist_Comm,El_Distribution,*,*]:
2019 2020 2021 2022 2023 2024 2025 2026 2027 2028 2029 2030 2031 2032 2033 2034 2035 2036 2037 2038 2039 2040 2041 2042 2043 2044 2045 2046 2047 2048 2049 2050:=
1 1.275585314 1.269870895 1.264182076 1.258518741 1.252880778 1.247268071 1.241680509 1.236117978 1.230580367 1.225067563 1.219579455 1.214115933 1.208676887 1.203262207 1.197871784 1.19250551 1.187163275 1.181844972 1.176550495 1.171279736 1.16603259 1.160808949 1.15560871 1.150431767 1.145278016 1.140147353 1.135039675 1.129954878 1.12489286 1.119853519 1.114836754 1.109842463
[Afghanistan,Dist_Ind,El_Distribution,*,*]:
2019 2020 2021 2022 2023 2024 2025 2026 2027 2028 2029 2030 2031 2032 2033 2034 2035 2036 2037 2038 2039 2040 2041 2042 2043 2044 2045 2046 2047 2048 2049 2050:=
1 1.275585314 1.269870895 1.264182076 1.258518741 1.252880778 1.247268071 1.241680509 1.236117978 1.230580367 1.225067563 1.219579455 1.214115933 1.208676887 1.203262207 1.197871784 1.19250551 1.187163275 1.181844972 1.176550495 1.171279736 1.16603259 1.160808949 1.15560871 1.150431767 1.145278016 1.140147353 1.135039675 1.129954878 1.12489286 1.119853519 1.114836754 1.109842463
[Afghanistan,Dist_Res,El_Distribution,*,*]:
2019 2020 2021 2022 2023 2024 2025 2026 2027 2028 2029 2030 2031 2032 2033 2034 2035 2036 2037 2038 2039 2040 2041 2042 2043 2044 2045 2046 2047 2048 2049 2050:=
1 1.275585314 1.269870895 1.264182076 1.258518741 1.252880778 1.247268071 1.241680509 1.236117978 1.230580367 1.225067563 1.219579455 1.214115933 1.208676887 1.203262207 1.197871784 1.19250551 1.187163275 1.181844972 1.176550495 1.171279736 1.16603259 1.160808949 1.15560871 1.150431767 1.145278016 1.140147353 1.135039675 1.129954878 1.12489286 1.119853519 1.114836754 1.109842463
[Afghanistan,DSPP,DIESEL,*,*]:
2019 2020 2021 2022 2023 2024 2025 2026 2027 2028 2029 2030 2031 2032 2033 2034 2035 2036 2037 2038 2039 2040 2041 2042 2043 2044 2045 2046 2047 2048 2049 2050:=
1 2.564 2.564 2.564 2.564 2.564 2.564 2.564 2.564 2.564 2.564 2.564 2.564 2.564 2.564 2.564 2.564 2.564 2.564 2.564 2.564 2.564 2.564 2.564 2.564 2.564 2.564 2.564 2.564 2.564 2.564 2.564 2.564
[Afghanistan,NGPP,NG,*,*]:
2019 2020 2021 2022 2023 2024 2025 2026 2027 2028 2029 2030 2031 2032 2033 2034 2035 2036 2037 2038 2039 2040 2041 2042 2043 2044 2045 2046 2047 2048 2049 2050:=
1 2.63157 2.63157 2.63157 2.63157 2.63157 2.63157 2.63157 2.63157 2.63157 2.63157 2.63157 2.63157 2.63157 2.63157 2.63157 2.63157 2.63157 2.63157 2.63157 2.63157 2.63157 2.63157 2.63157 2.63157 2.63157 2.63157 2.63157 2.63157 2.63157 2.63157 2.63157 2.63157
[Afghanistan,Trans,El_Transmission,*,*]:
2019 2020 2021 2022 2023 2024 2025 2026 2027 2028 2029 2030 2031 2032 2033 2034 2035 2036 2037 2038 2039 2040 2041 2042 2043 2044 2045 2046 2047 2048 2049 2050:=
1 1.161068453 1.15724953 1.153443167 1.149649325 1.14586796 1.142099034 1.138342503 1.134598329 1.13086647 1.127146885 1.123439534 1.119744378 1.116061375 1.112390487 1.108731672 1.105084892 1.101450107 1.097827277 1.094216363 1.090617326 1.087030126 1.083454726 1.079891085 1.076339166 1.072798929 1.069270337 1.065753351 1.062247933 1.058754045 1.055271648 1.051800706 1.04834118
;

param MinStorageCharge default 0 :=
;

param ModelPeriodEmissionLimit default 999999 :=
;

param ModelPeriodExogenousEmission default 0 :=
;

param MustUtilizeTag default 0 :=
;

param OperationalLife default 1 :
BS CO_Imp COPP Dist_Comm Dist_Ind Dist_Res DS_Import DSPP El_Import Hydro_Max Hydro_Med Hydro_Min NG_Imp NGPP PVPP Trans WIND:=
Afghanistan 1 1 40 30 30 30 1 40 1 100 100 100 1 40 20 30 20
;

param OperationalLifeStorage default 0 :=
;

param OutputActivityRatio default 0 :=
[Afghanistan,BS,El_Transmission,*,*]:
2019 2020 2021 2022 2023 2024 2025 2026 2027 2028 2029 2030 2031 2032 2033 2034 2035 2036 2037 2038 2039 2040 2041 2042 2043 2044 2045 2046 2047 2048 2049 2050:=
1 1 1 1 1 1 1 1 1 1 1 1 1 1 1 1 1 1 1 1 1 1 1 1 1 1 1 1 1 1 1 1 1
[Afghanistan,CO_Imp,COAL,*,*]:
2019 2020 2021 2022 2023 2024 2025 2026 2027 2028 2029 2030 2031 2032 2033 2034 2035 2036 2037 2038 2039 2040 2041 2042 2043 2044 2045 2046 2047 2048 2049 2050:=
1 1 1 1 1 1 1 1 1 1 1 1 1 1 1 1 1 1 1 1 1 1 1 1 1 1 1 1 1 1 1 1 1
[Afghanistan,COPP,El_Transmission,*,*]:
2019 2020 2021 2022 2023 2024 2025 2026 2027 2028 2029 2030 2031 2032 2033 2034 2035 2036 2037 2038 2039 2040 2041 2042 2043 2044 2045 2046 2047 2048 2049 2050:=
1 1 1 1 1 1 1 1 1 1 1 1 1 1 1 1 1 1 1 1 1 1 1 1 1 1 1 1 1 1 1 1 1
[Afghanistan,Dist_Comm,El_Commercial,*,*]:
2019 2020 2021 2022 2023 2024 2025 2026 2027 2028 2029 2030 2031 2032 2033 2034 2035 2036 2037 2038 2039 2040 2041 2042 2043 2044 2045 2046 2047 2048 2049 2050:=
1 1 1 1 1 1 1 1 1 1 1 1 1 1 1 1 1 1 1 1 1 1 1 1 1 1 1 1 1 1 1 1 1
[Afghanistan,Dist_Ind,El_Industry,*,*]:
2019 2020 2021 2022 2023 2024 2025 2026 2027 2028 2029 2030 2031 2032 2033 2034 2035 2036 2037 2038 2039 2040 2041 2042 2043 2044 2045 2046 2047 2048 2049 2050:=
1 1 1 1 1 1 1 1 1 1 1 1 1 1 1 1 1 1 1 1 1 1 1 1 1 1 1 1 1 1 1 1 1
[Afghanistan,Dist_Res,El_Residential,*,*]:
2019 2020 2021 2022 2023 2024 2025 2026 2027 2028 2029 2030 2031 2032 2033 2034 2035 2036 2037 2038 2039 2040 2041 2042 2043 2044 2045 2046 2047 2048 2049 2050:=
1 1 1 1 1 1 1 1 1 1 1 1 1 1 1 1 1 1 1 1 1 1 1 1 1 1 1 1 1 1 1 1 1
[Afghanistan,DS_Import,DIESEL,*,*]:
2019 2020 2021 2022 2023 2024 2025 2026 2027 2028 2029 2030 2031 2032 2033 2034 2035 2036 2037 2038 2039 2040 2041 2042 2043 2044 2045 2046 2047 2048 2049 2050:=
1 1 1 1 1 1 1 1 1 1 1 1 1 1 1 1 1 1 1 1 1 1 1 1 1 1 1 1 1 1 1 1 1
[Afghanistan,DSPP,El_Transmission,*,*]:
2019 2020 2021 2022 2023 2024 2025 2026 2027 2028 2029 2030 2031 2032 2033 2034 2035 2036 2037 2038 2039 2040 2041 2042 2043 2044 2045 2046 2047 2048 2049 2050:=
1 1 1 1 1 1 1 1 1 1 1 1 1 1 1 1 1 1 1 1 1 1 1 1 1 1 1 1 1 1 1 1 1
[Afghanistan,El_Import,El_Transmission,*,*]:
2019 2020 2021 2022 2023 2024 2025 2026 2027 2028 2029 2030 2031 2032 2033 2034 2035 2036 2037 2038 2039 2040 2041 2042 2043 2044 2045 2046 2047 2048 2049 2050:=
1 1 1 1 1 1 1 1 1 1 1 1 1 1 1 1 1 1 1 1 1 1 1 1 1 1 1 1 1 1 1 1 1
[Afghanistan,Hydro_Max,El_Transmission,*,*]:
2019 2020 2021 2022 2023 2024 2025 2026 2027 2028 2029 2030 2031 2032 2033 2034 2035 2036 2037 2038 2039 2040 2041 2042 2043 2044 2045 2046 2047 2048 2049 2050:=
1 1 1 1 1 1 1 1 1 1 1 1 1 1 1 1 1 1 1 1 1 1 1 1 1 1 1 1 1 1 1 1 1
[Afghanistan,Hydro_Med,El_Transmission,*,*]:
2019 2020 2021 2022 2023 2024 2025 2026 2027 2028 2029 2030 2031 2032 2033 2034 2035 2036 2037 2038 2039 2040 2041 2042 2043 2044 2045 2046 2047 2048 2049 2050:=
1 1 1 1 1 1 1 1 1 1 1 1 1 1 1 1 1 1 1 1 1 1 1 1 1 1 1 1 1 1 1 1 1
[Afghanistan,Hydro_Min,El_Transmission,*,*]:
2019 2020 2021 2022 2023 2024 2025 2026 2027 2028 2029 2030 2031 2032 2033 2034 2035 2036 2037 2038 2039 2040 2041 2042 2043 2044 2045 2046 2047 2048 2049 2050:=
1 1 1 1 1 1 1 1 1 1 1 1 1 1 1 1 1 1 1 1 1 1 1 1 1 1 1 1 1 1 1 1 1
[Afghanistan,NG_Imp,NG,*,*]:
2019 2020 2021 2022 2023 2024 2025 2026 2027 2028 2029 2030 2031 2032 2033 2034 2035 2036 2037 2038 2039 2040 2041 2042 2043 2044 2045 2046 2047 2048 2049 2050:=
1 1 1 1 1 1 1 1 1 1 1 1 1 1 1 1 1 1 1 1 1 1 1 1 1 1 1 1 1 1 1 1 1
[Afghanistan,NGPP,El_Transmission,*,*]:
2019 2020 2021 2022 2023 2024 2025 2026 2027 2028 2029 2030 2031 2032 2033 2034 2035 2036 2037 2038 2039 2040 2041 2042 2043 2044 2045 2046 2047 2048 2049 2050:=
1 1 1 1 1 1 1 1 1 1 1 1 1 1 1 1 1 1 1 1 1 1 1 1 1 1 1 1 1 1 1 1 1
[Afghanistan,PVPP,El_Transmission,*,*]:
2019 2020 2021 2022 2023 2024 2025 2026 2027 2028 2029 2030 2031 2032 2033 2034 2035 2036 2037 2038 2039 2040 2041 2042 2043 2044 2045 2046 2047 2048 2049 2050:=
1 1 1 1 1 1 1 1 1 1 1 1 1 1 1 1 1 1 1 1 1 1 1 1 1 1 1 1 1 1 1 1 1
[Afghanistan,Trans,El_Distribution,*,*]:
2019 2020 2021 2022 2023 2024 2025 2026 2027 2028 2029 2030 2031 2032 2033 2034 2035 2036 2037 2038 2039 2040 2041 2042 2043 2044 2045 2046 2047 2048 2049 2050:=
1 1 1 1 1 1 1 1 1 1 1 1 1 1 1 1 1 1 1 1 1 1 1 1 1 1 1 1 1 1 1 1 1
[Afghanistan,WIND,El_Transmission,*,*]:
2019 2020 2021 2022 2023 2024 2025 2026 2027 2028 2029 2030 2031 2032 2033 2034 2035 2036 2037 2038 2039 2040 2041 2042 2043 2044 2045 2046 2047 2048 2049 2050:=
1 1 1 1 1 1 1 1 1 1 1 1 1 1 1 1 1 1 1 1 1 1 1 1 1 1 1 1 1 1 1 1 1
;

param REMinProductionTarget default 0 :=
;

param RETagFuel default 0 :=
;

param RETagTechnology default 0 :=
;

param ReserveMargin default 1 :=
;

param ReserveMarginTagFuel default 0 :=
;

param ReserveMarginTagTechnology default 0 :=
;

param ResidualCapacity default 0 :=
[Afghanistan,*,*]:
2019 2020 2021 2022 2023 2024 2025 2026 2027 2028 2029 2030 2031 2032 2033 2034 2035 2036 2037 2038 2039 2040 2041 2042 2043 2044 2045 2046 2047 2048 2049 2050:=
Dist_Comm 1248.636104 1248.636104 1248.636104 1592.777936 1951.792065 2325.382736 2713.314242 3115.393082 3531.456745 3961.366285 4405.001155 4862.255504 5333.035442 5817.256958 6314.844326 6825.728836 7349.847789 7887.143689 8437.56354 9001.058331 9577.582562 10167.09383 10769.55252 11384.92151 12013.16593 12654.25294 13308.15155 13974.83244 14654.26787 15346.43147 16051.29821 16768.84422
Dist_Ind 2912.339332 2912.339332 2912.339332 3715.021385 4552.391827 5423.760836 6328.578647 7266.393928 8236.827637 9239.555701 10274.29695 11340.8045 12438.85934 13568.26555 14728.84649 15920.44191 17142.90555 18396.10331 19679.9116 20994.21609 22338.91067 23713.89642 25119.08095 26554.37768 28019.70528 29514.98712 31040.15096 32595.12843 34179.85476 35794.2685 37438.31123 39111.92733
Dist_Res 3555.529303 3555.529303 3555.529303 3932.661548 4342.627884 4786.2331 5264.25487 5777.740629 6327.875792 6915.571161 7541.656155 8206.886153 8833.083481 9505.001723 10225.79406 10998.78885 11827.52939 12715.78581 13667.54178 14686.93778 15778.31042 16946.18937 18195.3383 19530.4355 20955.15831 22474.1161 24092.75849 25816.82345 27652.45265 29606.23059 31685.19359 33896.70023
DSPP 252.3148 248.72275 245.1307 242.736 242.736 197.736 197.736 197.736 197.736 197.736 197.736 197.736 197.136 197.136 197.136 197.136 197.136 197.136 197.136 197.136 197.136 197.136 197.136 197.136 197.136 189.828 174.848 174.848 174.848 174.848 169.322 169.322
Hydro_Max 100 100 100 100 100 100 100 100 100 100 100 100 100 100 100 100 100 100 100 100 100 100 100 100 100 100 100 100 100 100 100 100
Hydro_Med 125 125 125 125 125 125 125 125 125 125 125 125 125 125 125 125 125 125 125 125 125 125 125 125 125 125 125 125 125 125 125 125
Hydro_Min 26.1498 26.13525 25.6207 25.611 25.611 25.611 25.611 25.611 25.611 25.611 25.611 25.611 25.611 25.611 25.611 25.611 25.611 25.611 25.611 25.611 25.611 25.611 23.411 23.411 23.411 23.411 23.411 23.411 23.411 23.411 23.411 22.641
NGPP 28.6 18.55 10.9 8.25 6 3.75 1.5 0 0 0 0 0 0 0 0 0 0 0 0 0 0 0 0 0 0 0 0 0 0 0 0 0
PVPP 2.8 2.8 2.8 2.8 2.8 2.8 2.8 2.8 2.8 2.8 2.8 2.8 2.7 2.7 2.7 1.7 1.7 1.7 1.7 0 0 0 0 0 0 0 0 0 0 0 0 0
Trans 6400.299445 5760.269501 5184.242551 4665.818296 4199.236466 3779.312819 3401.381538 3061.243384 2755.119045 2479.607141 2231.646427 2008.481784 1807.633606 1626.870245 1464.183221 1317.764899 1185.988409 1067.389568 960.650611 864.5855499 778.1269949 700.3142954 630.2828659 567.2545793 510.5291214 459.4762092 413.5285883 372.1757295 334.9581565 301.4623409 271.3161068 244.1844961
WIND 0.375 0.375 0.375 0.375 0.375 0.375 0.375 0.375 0.375 0.375 0.3 0.3 0.3 0.3 0.3 0.3 0.3 0.3 0.3 0 0 0 0 0 0 0 0 0 0 0 0 0
;

param ResidualStorageCapacity default 0 :=
;

param SpecifiedAnnualDemand default 0 :=
[Afghanistan,*,*]:
2019 2020 2021 2022 2023 2024 2025 2026 2027 2028 2029 2030 2031 2032 2033 2034 2035 2036 2037 2038 2039 2040 2041 2042 2043 2044 2045 2046 2047 2048 2049 2050:=
El_Commercial 725.3054945 233.4971614 316.9905318 404.3576213 495.5003323 590.3435817 688.8275309 790.9030552 896.5288989 1005.669787 1118.295117 1234.378017 1353.894649 1476.823688 1603.145908 1732.843866 1865.901645 2002.304645 2142.039417 2285.093517 2431.455392 2581.11428 2734.060123 2890.283496 3049.775546 3212.527938 3378.532802 3547.782699 3720.270581 3895.989758 4074.933872 4257.096867
El_Industry 3032.754063 4388.887412 5778.906525 7205.755592 8671.559905 10177.94613 11726.21068 13317.41784 14952.46142 16632.10563 18357.0135 20127.76722 21944.88319 23808.82347 25720.00456 27678.80438 29685.56776 31740.611 33844.2255 35996.68084 38198.22732 40449.09811 42749.51111 45099.6705 47499.76807 49949.98446 52450.49011 55001.4462 57603.00544 60255.31275 62958.50591 65712.71609
El_Residential 3803.448774 4048.349108 4309.399219 4586.612631 4880.420057 5190.954122 5518.402201 5863.299 6226.343372 6607.98117 7008.620534 7428.643651 7868.426187 8328.3125 8808.593398 9309.501755 9831.235859 10373.95769 10937.77024 11522.66227 12128.53452 12755.18968 13402.35399 14069.41832 14754.75027 15457.42568 16177.00223 16913.01359 17665.03591 18432.69654 19215.66209 20013.54486
;

param SpecifiedDemandProfile default 0 :=
[Afghanistan,El_Commercial,*,*]:
2019 2020 2021 2022 2023 2024 2025 2026 2027 2028 2029 2030 2031 2032 2033 2034 2035 2036 2037 2038 2039 2040 2041 2042 2043 2044 2045 2046 2047 2048 2049 2050:=
AD 0.16 0.16 0.16 0.16 0.16 0.16 0.16 0.16 0.16 0.16 0.16 0.16 0.16 0.16 0.16 0.16 0.16 0.16 0.16 0.16 0.16 0.16 0.16 0.16 0.16 0.16 0.16 0.16 0.16 0.16 0.16 0.16
AN 0.04 0.04 0.04 0.04 0.04 0.04 0.04 0.04 0.04 0.04 0.04 0.04 0.04 0.04 0.04 0.04 0.04 0.04 0.04 0.04 0.04 0.04 0.04 0.04 0.04 0.04 0.04 0.04 0.04 0.04 0.04 0.04
SPD 0.12 0.12 0.12 0.12 0.12 0.12 0.12 0.12 0.12 0.12 0.12 0.12 0.12 0.12 0.12 0.12 0.12 0.12 0.12 0.12 0.12 0.12 0.12 0.12 0.12 0.12 0.12 0.12 0.12 0.12 0.12 0.12
SPN 0.03 0.03 0.03 0.03 0.03 0.03 0.03 0.03 0.03 0.03 0.03 0.03 0.03 0.03 0.03 0.03 0.03 0.03 0.03 0.03 0.03 0.03 0.03 0.03 0.03 0.03 0.03 0.03 0.03 0.03 0.03 0.03
SUD 0.24 0.24 0.24 0.24 0.24 0.24 0.24 0.24 0.24 0.24 0.24 0.24 0.24 0.24 0.24 0.24 0.24 0.24 0.24 0.24 0.24 0.24 0.24 0.24 0.24 0.24 0.24 0.24 0.24 0.24 0.24 0.24
SUN 0.06 0.06 0.06 0.06 0.06 0.06 0.06 0.06 0.06 0.06 0.06 0.06 0.06 0.06 0.06 0.06 0.06 0.06 0.06 0.06 0.06 0.06 0.06 0.06 0.06 0.06 0.06 0.06 0.06 0.06 0.06 0.06
WD 0.28 0.28 0.28 0.28 0.28 0.28 0.28 0.28 0.28 0.28 0.28 0.28 0.28 0.28 0.28 0.28 0.28 0.28 0.28 0.28 0.28 0.28 0.28 0.28 0.28 0.28 0.28 0.28 0.28 0.28 0.28 0.28
WN 0.07 0.07 0.07 0.07 0.07 0.07 0.07 0.07 0.07 0.07 0.07 0.07 0.07 0.07 0.07 0.07 0.07 0.07 0.07 0.07 0.07 0.07 0.07 0.07 0.07 0.07 0.07 0.07 0.07 0.07 0.07 0.07
[Afghanistan,El_Industry,*,*]:
2019 2020 2021 2022 2023 2024 2025 2026 2027 2028 2029 2030 2031 2032 2033 2034 2035 2036 2037 2038 2039 2040 2041 2042 2043 2044 2045 2046 2047 2048 2049 2050:=
AD 0.16 0.16 0.16 0.16 0.16 0.16 0.16 0.16 0.16 0.16 0.16 0.16 0.16 0.16 0.16 0.16 0.16 0.16 0.16 0.16 0.16 0.16 0.16 0.16 0.16 0.16 0.16 0.16 0.16 0.16 0.16 0.16
AN 0.04 0.04 0.04 0.04 0.04 0.04 0.04 0.04 0.04 0.04 0.04 0.04 0.04 0.04 0.04 0.04 0.04 0.04 0.04 0.04 0.04 0.04 0.04 0.04 0.04 0.04 0.04 0.04 0.04 0.04 0.04 0.04
SPD 0.12 0.12 0.12 0.12 0.12 0.12 0.12 0.12 0.12 0.12 0.12 0.12 0.12 0.12 0.12 0.12 0.12 0.12 0.12 0.12 0.12 0.12 0.12 0.12 0.12 0.12 0.12 0.12 0.12 0.12 0.12 0.12
SPN 0.03 0.03 0.03 0.03 0.03 0.03 0.03 0.03 0.03 0.03 0.03 0.03 0.03 0.03 0.03 0.03 0.03 0.03 0.03 0.03 0.03 0.03 0.03 0.03 0.03 0.03 0.03 0.03 0.03 0.03 0.03 0.03
SUD 0.24 0.24 0.24 0.24 0.24 0.24 0.24 0.24 0.24 0.24 0.24 0.24 0.24 0.24 0.24 0.24 0.24 0.24 0.24 0.24 0.24 0.24 0.24 0.24 0.24 0.24 0.24 0.24 0.24 0.24 0.24 0.24
SUN 0.06 0.06 0.06 0.06 0.06 0.06 0.06 0.06 0.06 0.06 0.06 0.06 0.06 0.06 0.06 0.06 0.06 0.06 0.06 0.06 0.06 0.06 0.06 0.06 0.06 0.06 0.06 0.06 0.06 0.06 0.06 0.06
WD 0.28 0.28 0.28 0.28 0.28 0.28 0.28 0.28 0.28 0.28 0.28 0.28 0.28 0.28 0.28 0.28 0.28 0.28 0.28 0.28 0.28 0.28 0.28 0.28 0.28 0.28 0.28 0.28 0.28 0.28 0.28 0.28
WN 0.07 0.07 0.07 0.07 0.07 0.07 0.07 0.07 0.07 0.07 0.07 0.07 0.07 0.07 0.07 0.07 0.07 0.07 0.07 0.07 0.07 0.07 0.07 0.07 0.07 0.07 0.07 0.07 0.07 0.07 0.07 0.07
[Afghanistan,El_Residential,*,*]:
2019 2020 2021 2022 2023 2024 2025 2026 2027 2028 2029 2030 2031 2032 2033 2034 2035 2036 2037 2038 2039 2040 2041 2042 2043 2044 2045 2046 2047 2048 2049 2050:=
AD 0.16 0.16 0.16 0.16 0.16 0.16 0.16 0.16 0.16 0.16 0.16 0.16 0.16 0.16 0.16 0.16 0.16 0.16 0.16 0.16 0.16 0.16 0.16 0.16 0.16 0.16 0.16 0.16 0.16 0.16 0.16 0.16
AN 0.04 0.04 0.04 0.04 0.04 0.04 0.04 0.04 0.04 0.04 0.04 0.04 0.04 0.04 0.04 0.04 0.04 0.04 0.04 0.04 0.04 0.04 0.04 0.04 0.04 0.04 0.04 0.04 0.04 0.04 0.04 0.04
SPD 0.12 0.12 0.12 0.12 0.12 0.12 0.12 0.12 0.12 0.12 0.12 0.12 0.12 0.12 0.12 0.12 0.12 0.12 0.12 0.12 0.12 0.12 0.12 0.12 0.12 0.12 0.12 0.12 0.12 0.12 0.12 0.12
SPN 0.03 0.03 0.03 0.03 0.03 0.03 0.03 0.03 0.03 0.03 0.03 0.03 0.03 0.03 0.03 0.03 0.03 0.03 0.03 0.03 0.03 0.03 0.03 0.03 0.03 0.03 0.03 0.03 0.03 0.03 0.03 0.03
SUD 0.24 0.24 0.24 0.24 0.24 0.24 0.24 0.24 0.24 0.24 0.24 0.24 0.24 0.24 0.24 0.24 0.24 0.24 0.24 0.24 0.24 0.24 0.24 0.24 0.24 0.24 0.24 0.24 0.24 0.24 0.24 0.24
SUN 0.06 0.06 0.06 0.06 0.06 0.06 0.06 0.06 0.06 0.06 0.06 0.06 0.06 0.06 0.06 0.06 0.06 0.06 0.06 0.06 0.06 0.06 0.06 0.06 0.06 0.06 0.06 0.06 0.06 0.06 0.06 0.06
WD 0.28 0.28 0.28 0.28 0.28 0.28 0.28 0.28 0.28 0.28 0.28 0.28 0.28 0.28 0.28 0.28 0.28 0.28 0.28 0.28 0.28 0.28 0.28 0.28 0.28 0.28 0.28 0.28 0.28 0.28 0.28 0.28
WN 0.07 0.07 0.07 0.07 0.07 0.07 0.07 0.07 0.07 0.07 0.07 0.07 0.07 0.07 0.07 0.07 0.07 0.07 0.07 0.07 0.07 0.07 0.07 0.07 0.07 0.07 0.07 0.07 0.07 0.07 0.07 0.07
;

param StorageLevelStart default 0 :=
;

param StorageMaxChargeRate default 0 :=
;

param StorageMaxDischargeRate default 0 :=
;

param TechnologyFromStorage default 0 :=
;

param TechnologyToStorage default 0 :=
;

param TotalAnnualMaxCapacity default 9999999 :=
[Afghanistan,*,*]:
2019 2020 2021 2022 2023 2024 2025 2026 2027 2028 2029 2030 2031 2032 2033 2034 2035 2036 2037 2038 2039 2040 2041 2042 2043 2044 2045 2046 2047 2048 2049 2050:=
COPP 50 100 150 200 250 300 50 100 550 600 1450 1500 1550 1600 1650 1700 1250 1300 1350 1400 1450 1500 1550 1600 1650 1700 1750 1800 1850 1900 1950 2000
DSPP 302.3148 348.72275 395.1307 448.526 504.316 515.106 870.896 926.686 982.476 1036.336 1086.336 1136.336 1185.736 1235.736 1285.736 1335.736 1885.736 1935.736 1985.736 2035.736 2085.736 2135.736 2185.736 2235.736 2285.736 2328.428 3363.448 3413.448 3463.448 3513.448 3557.922 3607.922
Hydro_Max 200 300 400 500 600 1489 2208.29 2627.58 2746.87 2966.16 3085.45 3204.74 3317.6 3657.6 3757.6 3857.6 4957.6 5057.6 5157.6 5257.6 5357.6 5457.6 5557.6 5657.6 5757.6 5857.6 7515.2 7615.2 7715.2 7815.2 7915.2 8015.2
Hydro_Med 233.5 283.5 333.5 383.5 433.5 483.5 839.5 895.5 951.5 1007.5 1153.5 1209.5 1263.5 1313.5 1363.5 1413.5 1963.5 2013.5 2063.5 2113.5 2163.5 2213.5 2263.5 2313.5 2363.5 2413.5 2463.5 2513.5 2563.5 2613.5 2663.5 2713.5
Hydro_Min 51.1498 76.13525 100.6207 125.611 150.611 175.611 351.66145 377.7119 403.76235 429.8128 455.86325 481.9137 507.254 532.254 557.254 582.254 857.254 882.254 907.254 932.254 957.254 982.254 1005.054 1030.054 1055.054 1080.054 1105.054 1130.054 1155.054 1180.054 1205.054 1229.284
NGPP 328.6 418.55 560.9 758.25 906 1003.75 1101.5 1200 1300 1400 1500 1600 1700 1800 1900 2000 2100 2200 2300 2400 2500 2600 2700 2800 2900 3000 3200 3300 3400 3500 3600 3700
PVPP 77.8 127.8 177.8 227.8 277.8 327.8 677.8 727.8 777.8 827.8 877.8 927.8 977.7 1027.7 1077.7 1126.7 1676.7 1726.7 1776.7 1825 1875 1925 1975 2025 2075 2125 2175 2225 2275 2325 2375 2425
WIND 50.375 100.375 150.375 200.375 250.375 300.375 50.375 100.375 150.375 200.375 250.3 300.3 350.3 400.3 450.3 500.3 50.3 100.3 150.3 200 250 300 350 400 450 500 550 600 650 700 750 800
;

param TotalAnnualMaxCapacityInvestment default 9999999 :=
[Afghanistan,*,*]:
2019 2020 2021 2022 2023 2024 2025 2026 2027 2028 2029 2030 2031 2032 2033 2034 2035 2036 2037 2038 2039 2040 2041 2042 2043 2044 2045 2046 2047 2048 2049 2050:=
COPP 50 100 150 200 250 300 50 100 550 600 1450 1500 1550 1600 1650 1700 1250 1300 1350 1400 1450 1500 1550 1600 1650 1700 1750 1800 1850 1900 1950 2000
DSPP 50 100 150 205.79 261.58 317.37 673.16 728.95 784.74 838.6 888.6 938.6 988.6 1038.6 1088.6 1138.6 1688.6 1738.6 1788.6 1838.6 1888.6 1938.6 1988.6 2038.6 2088.6 2138.6 3188.6 3238.6 3288.6 3338.6 3388.6 3438.6
Hydro_Max 100 200 300 400 500 1389 2108.29 2527.58 2646.87 2866.16 2985.45 3104.74 3217.6 3557.6 3657.6 3757.6 4857.6 4957.6 5057.6 5157.6 5257.6 5357.6 5457.6 5557.6 5657.6 5757.6 7415.2 7515.2 7615.2 7715.2 7815.2 7915.2
Hydro_Med 108.5 158.5 208.5 258.5 308.5 358.5 714.5 770.5 826.5 882.5 1028.5 1084.5 1138.5 1188.5 1238.5 1288.5 1838.5 1888.5 1938.5 1988.5 2038.5 2088.5 2138.5 2188.5 2238.5 2288.5 2338.5 2388.5 2438.5 2488.5 2538.5 2588.5
Hydro_Min 25 50 75 100 125 150 326.05045 352.1009 378.15135 404.2018 430.25225 456.3027 481.643 506.643 531.643 556.643 831.643 856.643 881.643 906.643 931.643 956.643 981.643 1006.643 1031.643 1056.643 1081.643 1106.643 1131.643 1156.643 1181.643 1206.643
NGPP 250 300 400 550 650 700 1050 1100 1150 1200 1250 1300 1350 1400 1450 1500 2050 2100 2150 2200 2250 2300 2350 2400 2450 2500 2550 2600 2650 2700 2750 2800
PVPP 75 125 175 225 275 325 675 725 775 825 875 925 975 1025 1075 1125 1675 1725 1775 1825 1875 1925 1975 2025 2075 2125 2175 2225 2275 2325 2375 2425
WIND 50 100 150 200 250 300 50 100 150 200 250 300 350 400 450 500 50 100 150 200 250 300 350 400 450 500 550 600 650 700 750 800
;

param TotalAnnualMinCapacity default 0 :=
;

param TotalAnnualMinCapacityInvestment default 0 :=
;

param TotalTechnologyAnnualActivityLowerLimit default 0 :=
;

param TotalTechnologyAnnualActivityUpperLimit default 9999999 :=
[Afghanistan,*,*]:
2019 2020 2021 2022 2023 2024 2025 2026 2027 2028 2029 2030 2031 2032 2033 2034 2035 2036 2037 2038 2039 2040 2041 2042 2043 2044 2045 2046 2047 2048 2049 2050:=
BS 0 0 0 0 0 0 0 0 0 0 0 0 0 0 0 0 0 0 0 0 0 0 0 0 0 0 0 0 0 0 0 0
El_Import 6936.680362 9037.957691 11264.04999 13613.08681 16084.36275 18677.27389 21391.50967 24227.32777 27185.32776 30265.89353 33469.40727 36796.23858 39646.04949 42539.3931 45474.7785 48450.78274 51466.07631 54519.41389 57609.59634 60735.38564 63895.5328 67088.75607 70313.76739 73568.91164 76851.21029 80158.43671 83488.9482 86841.06545 90213.16263 93603.67271 97011.06044 100433.6643
;

param TotalTechnologyModelPeriodActivityLowerLimit default 0 :=
;

param TotalTechnologyModelPeriodActivityUpperLimit default 9999999 :=
;

param TradeRoute default 0 :=
;

param VariableCost default 1e-7 :=
[Afghanistan,BS,*,*]:
2019 2020 2021 2022 2023 2024 2025 2026 2027 2028 2029 2030 2031 2032 2033 2034 2035 2036 2037 2038 2039 2040 2041 2042 2043 2044 2045 2046 2047 2048 2049 2050:=
1 9999 9999 9999 9999 9999 9999 9999 9999 9999 9999 9999 9999 9999 9999 9999 9999 9999 9999 9999 9999 9999 9999 9999 9999 9999 9999 9999 9999 9999 9999 9999 9999
[Afghanistan,CO_Imp,*,*]:
2019 2020 2021 2022 2023 2024 2025 2026 2027 2028 2029 2030 2031 2032 2033 2034 2035 2036 2037 2038 2039 2040 2041 2042 2043 2044 2045 2046 2047 2048 2049 2050:=
1 0.000103951 0.000114346 0.000125781 0.000138359 0.000152195 0.000167414 0.000184156 0.000202571 0.000222828 0.000245111 0.000269622 0.000296585 0.000326243 0.000358867 0.000394754 0.00043423 0.000477652 0.000525418 0.00057796 0.000635755 0.000699331 0.000769264 0.000846191 0.00093081 0.001023891 0.00112628 0.001238908 0.001362798 0.001499078 0.001648986 0.001813885 0.001995273
[Afghanistan,Dist_Comm,*,*]:
2019 2020 2021 2022 2023 2024 2025 2026 2027 2028 2029 2030 2031 2032 2033 2034 2035 2036 2037 2038 2039 2040 2041 2042 2043 2044 2045 2046 2047 2048 2049 2050:=
1 0.0001 0.0001 0.0001 0.0001 0.0001 0.0001 0.0001 0.0001 0.0001 0.0001 0.0001 0.0001 0.0001 0.0001 0.0001 0.0001 0.0001 0.0001 0.0001 0.0001 0.0001 0.0001 0.0001 0.0001 0.0001 0.0001 0.0001 0.0001 0.0001 0.0001 0.0001 0.0001
[Afghanistan,Dist_Ind,*,*]:
2019 2020 2021 2022 2023 2024 2025 2026 2027 2028 2029 2030 2031 2032 2033 2034 2035 2036 2037 2038 2039 2040 2041 2042 2043 2044 2045 2046 2047 2048 2049 2050:=
1 0.0001 0.0001 0.0001 0.0001 0.0001 0.0001 0.0001 0.0001 0.0001 0.0001 0.0001 0.0001 0.0001 0.0001 0.0001 0.0001 0.0001 0.0001 0.0001 0.0001 0.0001 0.0001 0.0001 0.0001 0.0001 0.0001 0.0001 0.0001 0.0001 0.0001 0.0001 0.0001
[Afghanistan,Dist_Res,*,*]:
2019 2020 2021 2022 2023 2024 2025 2026 2027 2028 2029 2030 2031 2032 2033 2034 2035 2036 2037 2038 2039 2040 2041 2042 2043 2044 2045 2046 2047 2048 2049 2050:=
1 0.0001 0.0001 0.0001 0.0001 0.0001 0.0001 0.0001 0.0001 0.0001 0.0001 0.0001 0.0001 0.0001 0.0001 0.0001 0.0001 0.0001 0.0001 0.0001 0.0001 0.0001 0.0001 0.0001 0.0001 0.0001 0.0001 0.0001 0.0001 0.0001 0.0001 0.0001 0.0001
[Afghanistan,DS_Import,*,*]:
2019 2020 2021 2022 2023 2024 2025 2026 2027 2028 2029 2030 2031 2032 2033 2034 2035 2036 2037 2038 2039 2040 2041 2042 2043 2044 2045 2046 2047 2048 2049 2050:=
1 0.000029282 0.0000322102 0.0000354312 0.0000389743 0.0000428718 0.000047159 0.0000518748 0.0000570623 0.0000627686 0.0000690454 0.00007595 0.000083545 0.0000918995 0.000101089 0.000111198 0.000122318 0.00013455 0.000148005 0.000162805 0.000179086 0.000196995 0.000216694 0.000238364 0.0002622 0.00028842 0.000317262 0.000348988 0.000383887 0.000422276 0.000464503 0.000510953 0.000562049
[Afghanistan,El_Import,*,*]:
2019 2020 2021 2022 2023 2024 2025 2026 2027 2028 2029 2030 2031 2032 2033 2034 2035 2036 2037 2038 2039 2040 2041 2042 2043 2044 2045 2046 2047 2048 2049 2050:=
1 0.00001 0.00001001 0.0000100601 0.0000101607 0.0000103131 0.0000105193 0.0000107823 0.0000111058 0.0000114945 0.0000119543 0.0000124922 0.0000131168 0.0000138382 0.0000146685 0.000015622 0.0000167155 0.0000179692 0.0000194067 0.0000210563 0.0000229514 0.0000251317 0.0000276449 0.0000305476 0.0000339079 0.0000378073 0.0000423441 0.0000476371 0.00005383 0.000061097 0.0000696506 0.0000797499 0.0000917124
[Afghanistan,NG_Imp,*,*]:
2019 2020 2021 2022 2023 2024 2025 2026 2027 2028 2029 2030 2031 2032 2033 2034 2035 2036 2037 2038 2039 2040 2041 2042 2043 2044 2045 2046 2047 2048 2049 2050:=
1 0.00000248897 0.00000273787 0.00000301165 0.00000331282 0.0000036441 0.00000400851 0.00000440936 0.0000048503 0.00000533533 0.00000586886 0.00000645575 0.00000710132 0.00000781145 0.0000085926 0.00000945186 0.000010397 0.0000114367 0.0000125804 0.0000138385 0.0000152223 0.0000167445 0.000018419 0.0000202609 0.000022287 0.0000245157 0.0000269673 0.000029664 0.0000326304 0.0000358934 0.0000394828 0.000043431 0.0000477741
[Afghanistan,Trans,*,*]:
2019 2020 2021 2022 2023 2024 2025 2026 2027 2028 2029 2030 2031 2032 2033 2034 2035 2036 2037 2038 2039 2040 2041 2042 2043 2044 2045 2046 2047 2048 2049 2050:=
1 0.0001 0.0001 0.0001 0.0001 0.0001 0.0001 0.0001 0.0001 0.0001 0.0001 0.0001 0.0001 0.0001 0.0001 0.0001 0.0001 0.0001 0.0001 0.0001 0.0001 0.0001 0.0001 0.0001 0.0001 0.0001 0.0001 0.0001 0.0001 0.0001 0.0001 0.0001 0.0001
;

param YearSplit default 0 :
2019 2020 2021 2022 2023 2024 2025 2026 2027 2028 2029 2030 2031 2032 2033 2034 2035 2036 2037 2038 2039 2040 2041 2042 2043 2044 2045 2046 2047 2048 2049 2050:=
AD 0.1083 0.1083 0.1083 0.1083 0.1083 0.1083 0.1083 0.1083 0.1083 0.1083 0.1083 0.1083 0.1083 0.1083 0.1083 0.1083 0.1083 0.1083 0.1083 0.1083 0.1083 0.1083 0.1083 0.1083 0.1083 0.1083 0.1083 0.1083 0.1083 0.1083 0.1083 0.1083
AN 0.1339 0.1339 0.1339 0.1339 0.1339 0.1339 0.1339 0.1339 0.1339 0.1339 0.1339 0.1339 0.1339 0.1339 0.1339 0.1339 0.1339 0.1339 0.1339 0.1339 0.1339 0.1339 0.1339 0.1339 0.1339 0.1339 0.1339 0.1339 0.1339 0.1339 0.1339 0.1339
SPD 0.1347 0.1347 0.1347 0.1347 0.1347 0.1347 0.1347 0.1347 0.1347 0.1347 0.1347 0.1347 0.1347 0.1347 0.1347 0.1347 0.1347 0.1347 0.1347 0.1347 0.1347 0.1347 0.1347 0.1347 0.1347 0.1347 0.1347 0.1347 0.1347 0.1347 0.1347 0.1347
SPN 0.1197 0.1197 0.1197 0.1197 0.1197 0.1197 0.1197 0.1197 0.1197 0.1197 0.1197 0.1197 0.1197 0.1197 0.1197 0.1197 0.1197 0.1197 0.1197 0.1197 0.1197 0.1197 0.1197 0.1197 0.1197 0.1197 0.1197 0.1197 0.1197 0.1197 0.1197 0.1197
SUD 0.1471 0.1471 0.1471 0.1471 0.1471 0.1471 0.1471 0.1471 0.1471 0.1471 0.1471 0.1471 0.1471 0.1471 0.1471 0.1471 0.1471 0.1471 0.1471 0.1471 0.1471 0.1471 0.1471 0.1471 0.1471 0.1471 0.1471 0.1471 0.1471 0.1471 0.1471 0.1471
SUN 0.1073 0.1073 0.1073 0.1073 0.1073 0.1073 0.1073 0.1073 0.1073 0.1073 0.1073 0.1073 0.1073 0.1073 0.1073 0.1073 0.1073 0.1073 0.1073 0.1073 0.1073 0.1073 0.1073 0.1073 0.1073 0.1073 0.1073 0.1073 0.1073 0.1073 0.1073 0.1073
WD 0.1062 0.1062 0.1062 0.1062 0.1062 0.1062 0.1062 0.1062 0.1062 0.1062 0.1062 0.1062 0.1062 0.1062 0.1062 0.1062 0.1062 0.1062 0.1062 0.1062 0.1062 0.1062 0.1062 0.1062 0.1062 0.1062 0.1062 0.1062 0.1062 0.1062 0.1062 0.1062
WN 0.1428 0.1428 0.1428 0.1428 0.1428 0.1428 0.1428 0.1428 0.1428 0.1428 0.1428 0.1428 0.1428 0.1428 0.1428 0.1428 0.1428 0.1428 0.1428 0.1428 0.1428 0.1428 0.1428 0.1428 0.1428 0.1428 0.1428 0.1428 0.1428 0.1428 0.1428 0.1428
;

#
end;
