###############
#    Sets     #
###############
#
set EMISSION :=  ;
set DAILYTIMEBRACKET := 1 2 ;
set REGION := Afghanistan ;
set DAYTYPE := 1 ;
set SEASON := 1 2 3 4 ;
set COMMODITY := COAL DIESEL El_Commercial El_Distribution El_Industry El_Residential El_Transmission NG ;
set YEAR := 2019 2020 2021 2022 2023 2024 2025 2026 2027 2028 2029 2030 2031 2032 2033 2034 2035 2036 2037 2038 2039 2040 2041 2042 2043 2044 2045 2046 2047 2048 2049 2050 ;
set MODE_OF_OPERATION := 1 ;
set STORAGE :=  ;
set TIMESLICE := AD AN SPD SPN SUD SUN WD WN ;
set TECHNOLOGY := BS CO_Imp COPP Dist_Comm Dist_Ind Dist_Res DS_Import DSPP El_Import Hydro_Max Hydro_Med Hydro_Min NG_Imp NGPP PVPP Trans WIND ;


#####################
#    Parameters     #
#####################
#
param AccumulatedAnnualDemand default 0 :=
;

param AnnualEmissionLimit default 9999999 :=
;

param AnnualExogenousEmission default 0 :=
;

param AvailabilityFactor default 1 :=
[Afghanistan,*,*]:
2019 2020 2021 2022 2023 2024 2025 2026 2027 2028 2029 2030 2031 2032 2033 2034 2035 2036 2037 2038 2039 2040 2041 2042 2043 2044 2045 2046 2047 2048 2049 2050:=
COPP 0.92 0.92 0.92 0.92 0.92 0.92 0.92 0.92 0.92 0.92 0.92 0.92 0.92 0.92 0.92 0.92 0.92 0.92 0.92 0.92 0.92 0.92 0.92 0.92 0.92 0.92 0.92 0.92 0.92 0.92 0.92 0.92
DSPP 0.9 0.9 0.9 0.9 0.9 0.9 0.9 0.9 0.9 0.9 0.9 0.9 0.9 0.9 0.9 0.9 0.9 0.9 0.9 0.9 0.9 0.9 0.9 0.9 0.9 0.9 0.9 0.9 0.9 0.9 0.9 0.9
Hydro_Max 0.98 0.98 0.98 0.98 0.98 0.98 0.98 0.98 0.98 0.98 0.98 0.98 0.98 0.98 0.98 0.98 0.98 0.98 0.98 0.98 0.98 0.98 0.98 0.98 0.98 0.98 0.98 0.98 0.98 0.98 0.98 0.98
Hydro_Med 0.98 0.98 0.98 0.98 0.98 0.98 0.98 0.98 0.98 0.98 0.98 0.98 0.98 0.98 0.98 0.98 0.98 0.98 0.98 0.98 0.98 0.98 0.98 0.98 0.98 0.98 0.98 0.98 0.98 0.98 0.98 0.98
Hydro_Min 0.98 0.98 0.98 0.98 0.98 0.98 0.98 0.98 0.98 0.98 0.98 0.98 0.98 0.98 0.98 0.98 0.98 0.98 0.98 0.98 0.98 0.98 0.98 0.98 0.98 0.98 0.98 0.98 0.98 0.98 0.98 0.98
NGPP 0.92 0.92 0.92 0.92 0.92 0.92 0.92 0.92 0.92 0.92 0.92 0.92 0.92 0.92 0.92 0.92 0.92 0.92 0.92 0.92 0.92 0.92 0.92 0.92 0.92 0.92 0.92 0.92 0.92 0.92 0.92 0.92
;

param BEVFHCapacityAnnualConstraint default 0 :=
;

param BEVFHTagTechnology default 0 :=
;

param BEVFLCapacityAnnualConstraint default 0 :=
;

param BEVFLTagTechnology default 0 :=
;

param BEVP2CapacityAnnualConstraint default 0 :=
;

param BEVP2TagTechnology default 0 :=
;

param BEVP3CapacityAnnualConstraint default 0 :=
;

param BEVP3TagTechnology default 0 :=
;

param BEVPBCapacityAnnualConstraint default 0 :=
;

param BEVPBTagTechnology default 0 :=
;

param BEVPCCapacityAnnualConstraint default 0 :=
;

param BEVPCTagTechnology default 0 :=
;

param CapacityFactor default 1 :=
[Afghanistan,COPP,*,*]:
2019 2020 2021 2022 2023 2024 2025 2026 2027 2028 2029 2030 2031 2032 2033 2034 2035 2036 2037 2038 2039 2040 2041 2042 2043 2044 2045 2046 2047 2048 2049 2050:=
AD 0.95 0.95 0.95 0.95 0.95 0.95 0.95 0.95 0.95 0.95 0.95 0.95 0.95 0.95 0.95 0.95 0.95 0.95 0.95 0.95 0.95 0.95 0.95 0.95 0.95 0.95 0.95 0.95 0.95 0.95 0.95 0.95
AN 0.95 0.95 0.95 0.95 0.95 0.95 0.95 0.95 0.95 0.95 0.95 0.95 0.95 0.95 0.95 0.95 0.95 0.95 0.95 0.95 0.95 0.95 0.95 0.95 0.95 0.95 0.95 0.95 0.95 0.95 0.95 0.95
SPD 0.95 0.95 0.95 0.95 0.95 0.95 0.95 0.95 0.95 0.95 0.95 0.95 0.95 0.95 0.95 0.95 0.95 0.95 0.95 0.95 0.95 0.95 0.95 0.95 0.95 0.95 0.95 0.95 0.95 0.95 0.95 0.95
SPN 0.95 0.95 0.95 0.95 0.95 0.95 0.95 0.95 0.95 0.95 0.95 0.95 0.95 0.95 0.95 0.95 0.95 0.95 0.95 0.95 0.95 0.95 0.95 0.95 0.95 0.95 0.95 0.95 0.95 0.95 0.95 0.95
SUD 0.95 0.95 0.95 0.95 0.95 0.95 0.95 0.95 0.95 0.95 0.95 0.95 0.95 0.95 0.95 0.95 0.95 0.95 0.95 0.95 0.95 0.95 0.95 0.95 0.95 0.95 0.95 0.95 0.95 0.95 0.95 0.95
SUN 0.95 0.95 0.95 0.95 0.95 0.95 0.95 0.95 0.95 0.95 0.95 0.95 0.95 0.95 0.95 0.95 0.95 0.95 0.95 0.95 0.95 0.95 0.95 0.95 0.95 0.95 0.95 0.95 0.95 0.95 0.95 0.95
WD 0.95 0.95 0.95 0.95 0.95 0.95 0.95 0.95 0.95 0.95 0.95 0.95 0.95 0.95 0.95 0.95 0.95 0.95 0.95 0.95 0.95 0.95 0.95 0.95 0.95 0.95 0.95 0.95 0.95 0.95 0.95 0.95
WN 0.95 0.95 0.95 0.95 0.95 0.95 0.95 0.95 0.95 0.95 0.95 0.95 0.95 0.95 0.95 0.95 0.95 0.95 0.95 0.95 0.95 0.95 0.95 0.95 0.95 0.95 0.95 0.95 0.95 0.95 0.95 0.95
[Afghanistan,DSPP,*,*]:
2019 2020 2021 2022 2023 2024 2025 2026 2027 2028 2029 2030 2031 2032 2033 2034 2035 2036 2037 2038 2039 2040 2041 2042 2043 2044 2045 2046 2047 2048 2049 2050:=
AD 0.943 0.943 0.943 0.943 0.943 0.943 0.943 0.943 0.943 0.943 0.943 0.943 0.943 0.943 0.943 0.943 0.943 0.943 0.943 0.943 0.943 0.943 0.943 0.943 0.943 0.943 0.943 0.943 0.943 0.943 0.943 0.943
AN 0.943 0.943 0.943 0.943 0.943 0.943 0.943 0.943 0.943 0.943 0.943 0.943 0.943 0.943 0.943 0.943 0.943 0.943 0.943 0.943 0.943 0.943 0.943 0.943 0.943 0.943 0.943 0.943 0.943 0.943 0.943 0.943
SPD 0.943 0.943 0.943 0.943 0.943 0.943 0.943 0.943 0.943 0.943 0.943 0.943 0.943 0.943 0.943 0.943 0.943 0.943 0.943 0.943 0.943 0.943 0.943 0.943 0.943 0.943 0.943 0.943 0.943 0.943 0.943 0.943
SPN 0.943 0.943 0.943 0.943 0.943 0.943 0.943 0.943 0.943 0.943 0.943 0.943 0.943 0.943 0.943 0.943 0.943 0.943 0.943 0.943 0.943 0.943 0.943 0.943 0.943 0.943 0.943 0.943 0.943 0.943 0.943 0.943
SUD 0.943 0.943 0.943 0.943 0.943 0.943 0.943 0.943 0.943 0.943 0.943 0.943 0.943 0.943 0.943 0.943 0.943 0.943 0.943 0.943 0.943 0.943 0.943 0.943 0.943 0.943 0.943 0.943 0.943 0.943 0.943 0.943
SUN 0.943 0.943 0.943 0.943 0.943 0.943 0.943 0.943 0.943 0.943 0.943 0.943 0.943 0.943 0.943 0.943 0.943 0.943 0.943 0.943 0.943 0.943 0.943 0.943 0.943 0.943 0.943 0.943 0.943 0.943 0.943 0.943
WD 0.943 0.943 0.943 0.943 0.943 0.943 0.943 0.943 0.943 0.943 0.943 0.943 0.943 0.943 0.943 0.943 0.943 0.943 0.943 0.943 0.943 0.943 0.943 0.943 0.943 0.943 0.943 0.943 0.943 0.943 0.943 0.943
WN 0.943 0.943 0.943 0.943 0.943 0.943 0.943 0.943 0.943 0.943 0.943 0.943 0.943 0.943 0.943 0.943 0.943 0.943 0.943 0.943 0.943 0.943 0.943 0.943 0.943 0.943 0.943 0.943 0.943 0.943 0.943 0.943
[Afghanistan,Hydro_Max,*,*]:
2019 2020 2021 2022 2023 2024 2025 2026 2027 2028 2029 2030 2031 2032 2033 2034 2035 2036 2037 2038 2039 2040 2041 2042 2043 2044 2045 2046 2047 2048 2049 2050:=
AD 0.46 0.46 0.46 0.46 0.46 0.46 0.46 0.46 0.46 0.46 0.46 0.46 0.46 0.46 0.46 0.46 0.46 0.46 0.46 0.46 0.46 0.46 0.46 0.46 0.46 0.46 0.46 0.46 0.46 0.46 0.46 0.46
AN 0.46 0.46 0.46 0.46 0.46 0.46 0.46 0.46 0.46 0.46 0.46 0.46 0.46 0.46 0.46 0.46 0.46 0.46 0.46 0.46 0.46 0.46 0.46 0.46 0.46 0.46 0.46 0.46 0.46 0.46 0.46 0.46
SPD 0.46 0.46 0.46 0.46 0.46 0.46 0.46 0.46 0.46 0.46 0.46 0.46 0.46 0.46 0.46 0.46 0.46 0.46 0.46 0.46 0.46 0.46 0.46 0.46 0.46 0.46 0.46 0.46 0.46 0.46 0.46 0.46
SPN 0.46 0.46 0.46 0.46 0.46 0.46 0.46 0.46 0.46 0.46 0.46 0.46 0.46 0.46 0.46 0.46 0.46 0.46 0.46 0.46 0.46 0.46 0.46 0.46 0.46 0.46 0.46 0.46 0.46 0.46 0.46 0.46
SUD 0.46 0.46 0.46 0.46 0.46 0.46 0.46 0.46 0.46 0.46 0.46 0.46 0.46 0.46 0.46 0.46 0.46 0.46 0.46 0.46 0.46 0.46 0.46 0.46 0.46 0.46 0.46 0.46 0.46 0.46 0.46 0.46
SUN 0.46 0.46 0.46 0.46 0.46 0.46 0.46 0.46 0.46 0.46 0.46 0.46 0.46 0.46 0.46 0.46 0.46 0.46 0.46 0.46 0.46 0.46 0.46 0.46 0.46 0.46 0.46 0.46 0.46 0.46 0.46 0.46
WD 0.46 0.46 0.46 0.46 0.46 0.46 0.46 0.46 0.46 0.46 0.46 0.46 0.46 0.46 0.46 0.46 0.46 0.46 0.46 0.46 0.46 0.46 0.46 0.46 0.46 0.46 0.46 0.46 0.46 0.46 0.46 0.46
WN 0.46 0.46 0.46 0.46 0.46 0.46 0.46 0.46 0.46 0.46 0.46 0.46 0.46 0.46 0.46 0.46 0.46 0.46 0.46 0.46 0.46 0.46 0.46 0.46 0.46 0.46 0.46 0.46 0.46 0.46 0.46 0.46
[Afghanistan,Hydro_Med,*,*]:
2019 2020 2021 2022 2023 2024 2025 2026 2027 2028 2029 2030 2031 2032 2033 2034 2035 2036 2037 2038 2039 2040 2041 2042 2043 2044 2045 2046 2047 2048 2049 2050:=
AD 0.45 0.45 0.45 0.45 0.45 0.45 0.45 0.45 0.45 0.45 0.45 0.45 0.45 0.45 0.45 0.45 0.45 0.45 0.45 0.45 0.45 0.45 0.45 0.45 0.45 0.45 0.45 0.45 0.45 0.45 0.45 0.45
AN 0.45 0.45 0.45 0.45 0.45 0.45 0.45 0.45 0.45 0.45 0.45 0.45 0.45 0.45 0.45 0.45 0.45 0.45 0.45 0.45 0.45 0.45 0.45 0.45 0.45 0.45 0.45 0.45 0.45 0.45 0.45 0.45
SPD 0.45 0.45 0.45 0.45 0.45 0.45 0.45 0.45 0.45 0.45 0.45 0.45 0.45 0.45 0.45 0.45 0.45 0.45 0.45 0.45 0.45 0.45 0.45 0.45 0.45 0.45 0.45 0.45 0.45 0.45 0.45 0.45
SPN 0.45 0.45 0.45 0.45 0.45 0.45 0.45 0.45 0.45 0.45 0.45 0.45 0.45 0.45 0.45 0.45 0.45 0.45 0.45 0.45 0.45 0.45 0.45 0.45 0.45 0.45 0.45 0.45 0.45 0.45 0.45 0.45
SUD 0.45 0.45 0.45 0.45 0.45 0.45 0.45 0.45 0.45 0.45 0.45 0.45 0.45 0.45 0.45 0.45 0.45 0.45 0.45 0.45 0.45 0.45 0.45 0.45 0.45 0.45 0.45 0.45 0.45 0.45 0.45 0.45
SUN 0.45 0.45 0.45 0.45 0.45 0.45 0.45 0.45 0.45 0.45 0.45 0.45 0.45 0.45 0.45 0.45 0.45 0.45 0.45 0.45 0.45 0.45 0.45 0.45 0.45 0.45 0.45 0.45 0.45 0.45 0.45 0.45
WD 0.45 0.45 0.45 0.45 0.45 0.45 0.45 0.45 0.45 0.45 0.45 0.45 0.45 0.45 0.45 0.45 0.45 0.45 0.45 0.45 0.45 0.45 0.45 0.45 0.45 0.45 0.45 0.45 0.45 0.45 0.45 0.45
WN 0.45 0.45 0.45 0.45 0.45 0.45 0.45 0.45 0.45 0.45 0.45 0.45 0.45 0.45 0.45 0.45 0.45 0.45 0.45 0.45 0.45 0.45 0.45 0.45 0.45 0.45 0.45 0.45 0.45 0.45 0.45 0.45
[Afghanistan,Hydro_Min,*,*]:
2019 2020 2021 2022 2023 2024 2025 2026 2027 2028 2029 2030 2031 2032 2033 2034 2035 2036 2037 2038 2039 2040 2041 2042 2043 2044 2045 2046 2047 2048 2049 2050:=
AD 0.44 0.44 0.44 0.44 0.44 0.44 0.44 0.44 0.44 0.44 0.44 0.44 0.44 0.44 0.44 0.44 0.44 0.44 0.44 0.44 0.44 0.44 0.44 0.44 0.44 0.44 0.44 0.44 0.44 0.44 0.44 0.44
AN 0.44 0.44 0.44 0.44 0.44 0.44 0.44 0.44 0.44 0.44 0.44 0.44 0.44 0.44 0.44 0.44 0.44 0.44 0.44 0.44 0.44 0.44 0.44 0.44 0.44 0.44 0.44 0.44 0.44 0.44 0.44 0.44
SPD 0.44 0.44 0.44 0.44 0.44 0.44 0.44 0.44 0.44 0.44 0.44 0.44 0.44 0.44 0.44 0.44 0.44 0.44 0.44 0.44 0.44 0.44 0.44 0.44 0.44 0.44 0.44 0.44 0.44 0.44 0.44 0.44
SPN 0.44 0.44 0.44 0.44 0.44 0.44 0.44 0.44 0.44 0.44 0.44 0.44 0.44 0.44 0.44 0.44 0.44 0.44 0.44 0.44 0.44 0.44 0.44 0.44 0.44 0.44 0.44 0.44 0.44 0.44 0.44 0.44
SUD 0.44 0.44 0.44 0.44 0.44 0.44 0.44 0.44 0.44 0.44 0.44 0.44 0.44 0.44 0.44 0.44 0.44 0.44 0.44 0.44 0.44 0.44 0.44 0.44 0.44 0.44 0.44 0.44 0.44 0.44 0.44 0.44
SUN 0.44 0.44 0.44 0.44 0.44 0.44 0.44 0.44 0.44 0.44 0.44 0.44 0.44 0.44 0.44 0.44 0.44 0.44 0.44 0.44 0.44 0.44 0.44 0.44 0.44 0.44 0.44 0.44 0.44 0.44 0.44 0.44
WD 0.44 0.44 0.44 0.44 0.44 0.44 0.44 0.44 0.44 0.44 0.44 0.44 0.44 0.44 0.44 0.44 0.44 0.44 0.44 0.44 0.44 0.44 0.44 0.44 0.44 0.44 0.44 0.44 0.44 0.44 0.44 0.44
WN 0.44 0.44 0.44 0.44 0.44 0.44 0.44 0.44 0.44 0.44 0.44 0.44 0.44 0.44 0.44 0.44 0.44 0.44 0.44 0.44 0.44 0.44 0.44 0.44 0.44 0.44 0.44 0.44 0.44 0.44 0.44 0.44
[Afghanistan,NGPP,*,*]:
2019 2020 2021 2022 2023 2024 2025 2026 2027 2028 2029 2030 2031 2032 2033 2034 2035 2036 2037 2038 2039 2040 2041 2042 2043 2044 2045 2046 2047 2048 2049 2050:=
AD 0.95 0.95 0.95 0.95 0.95 0.95 0.95 0.95 0.95 0.95 0.95 0.95 0.95 0.95 0.95 0.95 0.95 0.95 0.95 0.95 0.95 0.95 0.95 0.95 0.95 0.95 0.95 0.95 0.95 0.95 0.95 0.95
AN 0.95 0.95 0.95 0.95 0.95 0.95 0.95 0.95 0.95 0.95 0.95 0.95 0.95 0.95 0.95 0.95 0.95 0.95 0.95 0.95 0.95 0.95 0.95 0.95 0.95 0.95 0.95 0.95 0.95 0.95 0.95 0.95
SPD 0.95 0.95 0.95 0.95 0.95 0.95 0.95 0.95 0.95 0.95 0.95 0.95 0.95 0.95 0.95 0.95 0.95 0.95 0.95 0.95 0.95 0.95 0.95 0.95 0.95 0.95 0.95 0.95 0.95 0.95 0.95 0.95
SPN 0.95 0.95 0.95 0.95 0.95 0.95 0.95 0.95 0.95 0.95 0.95 0.95 0.95 0.95 0.95 0.95 0.95 0.95 0.95 0.95 0.95 0.95 0.95 0.95 0.95 0.95 0.95 0.95 0.95 0.95 0.95 0.95
SUD 0.95 0.95 0.95 0.95 0.95 0.95 0.95 0.95 0.95 0.95 0.95 0.95 0.95 0.95 0.95 0.95 0.95 0.95 0.95 0.95 0.95 0.95 0.95 0.95 0.95 0.95 0.95 0.95 0.95 0.95 0.95 0.95
SUN 0.95 0.95 0.95 0.95 0.95 0.95 0.95 0.95 0.95 0.95 0.95 0.95 0.95 0.95 0.95 0.95 0.95 0.95 0.95 0.95 0.95 0.95 0.95 0.95 0.95 0.95 0.95 0.95 0.95 0.95 0.95 0.95
WD 0.95 0.95 0.95 0.95 0.95 0.95 0.95 0.95 0.95 0.95 0.95 0.95 0.95 0.95 0.95 0.95 0.95 0.95 0.95 0.95 0.95 0.95 0.95 0.95 0.95 0.95 0.95 0.95 0.95 0.95 0.95 0.95
WN 0.95 0.95 0.95 0.95 0.95 0.95 0.95 0.95 0.95 0.95 0.95 0.95 0.95 0.95 0.95 0.95 0.95 0.95 0.95 0.95 0.95 0.95 0.95 0.95 0.95 0.95 0.95 0.95 0.95 0.95 0.95 0.95
[Afghanistan,PVPP,*,*]:
2019 2020 2021 2022 2023 2024 2025 2026 2027 2028 2029 2030 2031 2032 2033 2034 2035 2036 2037 2038 2039 2040 2041 2042 2043 2044 2045 2046 2047 2048 2049 2050:=
AD 0.285 0.285 0.285 0.285 0.285 0.285 0.285 0.285 0.285 0.285 0.285 0.285 0.285 0.285 0.285 0.285 0.285 0.285 0.285 0.285 0.285 0.285 0.285 0.285 0.285 0.285 0.285 0.285 0.285 0.285 0.285 0.285
AN 0 0 0 0 0 0 0 0 0 0 0 0 0 0 0 0 0 0 0 0 0 0 0 0 0 0 0 0 0 0 0 0
SPD 0.3048 0.3048 0.3048 0.3048 0.3048 0.3048 0.3048 0.3048 0.3048 0.3048 0.3048 0.3048 0.3048 0.3048 0.3048 0.3048 0.3048 0.3048 0.3048 0.3048 0.3048 0.3048 0.3048 0.3048 0.3048 0.3048 0.3048 0.3048 0.3048 0.3048 0.3048 0.3048
SPN 0 0 0 0 0 0 0 0 0 0 0 0 0 0 0 0 0 0 0 0 0 0 0 0 0 0 0 0 0 0 0 0
SUD 0.3644 0.3644 0.3644 0.3644 0.3644 0.3644 0.3644 0.3644 0.3644 0.3644 0.3644 0.3644 0.3644 0.3644 0.3644 0.3644 0.3644 0.3644 0.3644 0.3644 0.3644 0.3644 0.3644 0.3644 0.3644 0.3644 0.3644 0.3644 0.3644 0.3644 0.3644 0.3644
SUN 0 0 0 0 0 0 0 0 0 0 0 0 0 0 0 0 0 0 0 0 0 0 0 0 0 0 0 0 0 0 0 0
WD 0.247 0.247 0.247 0.247 0.247 0.247 0.247 0.247 0.247 0.247 0.247 0.247 0.247 0.247 0.247 0.247 0.247 0.247 0.247 0.247 0.247 0.247 0.247 0.247 0.247 0.247 0.247 0.247 0.247 0.247 0.247 0.247
WN 0 0 0 0 0 0 0 0 0 0 0 0 0 0 0 0 0 0 0 0 0 0 0 0 0 0 0 0 0 0 0 0
[Afghanistan,WIND,*,*]:
2019 2020 2021 2022 2023 2024 2025 2026 2027 2028 2029 2030 2031 2032 2033 2034 2035 2036 2037 2038 2039 2040 2041 2042 2043 2044 2045 2046 2047 2048 2049 2050:=
AD 0.2664 0.2664 0.2664 0.2664 0.2664 0.2664 0.2664 0.2664 0.2664 0.2664 0.2664 0.2664 0.2664 0.2664 0.2664 0.2664 0.2664 0.2664 0.2664 0.2664 0.2664 0.2664 0.2664 0.2664 0.2664 0.2664 0.2664 0.2664 0.2664 0.2664 0.2664 0.2664
AN 0.2664 0.2664 0.2664 0.2664 0.2664 0.2664 0.2664 0.2664 0.2664 0.2664 0.2664 0.2664 0.2664 0.2664 0.2664 0.2664 0.2664 0.2664 0.2664 0.2664 0.2664 0.2664 0.2664 0.2664 0.2664 0.2664 0.2664 0.2664 0.2664 0.2664 0.2664 0.2664
SPD 0.315 0.315 0.315 0.315 0.315 0.315 0.315 0.315 0.315 0.315 0.315 0.315 0.315 0.315 0.315 0.315 0.315 0.315 0.315 0.315 0.315 0.315 0.315 0.315 0.315 0.315 0.315 0.315 0.315 0.315 0.315 0.315
SPN 0.315 0.315 0.315 0.315 0.315 0.315 0.315 0.315 0.315 0.315 0.315 0.315 0.315 0.315 0.315 0.315 0.315 0.315 0.315 0.315 0.315 0.315 0.315 0.315 0.315 0.315 0.315 0.315 0.315 0.315 0.315 0.315
SUD 0.4617 0.4617 0.4617 0.4617 0.4617 0.4617 0.4617 0.4617 0.4617 0.4617 0.4617 0.4617 0.4617 0.4617 0.4617 0.4617 0.4617 0.4617 0.4617 0.4617 0.4617 0.4617 0.4617 0.4617 0.4617 0.4617 0.4617 0.4617 0.4617 0.4617 0.4617 0.4617
SUN 0.4617 0.4617 0.4617 0.4617 0.4617 0.4617 0.4617 0.4617 0.4617 0.4617 0.4617 0.4617 0.4617 0.4617 0.4617 0.4617 0.4617 0.4617 0.4617 0.4617 0.4617 0.4617 0.4617 0.4617 0.4617 0.4617 0.4617 0.4617 0.4617 0.4617 0.4617 0.4617
WD 0.2367 0.2367 0.2367 0.2367 0.2367 0.2367 0.2367 0.2367 0.2367 0.2367 0.2367 0.2367 0.2367 0.2367 0.2367 0.2367 0.2367 0.2367 0.2367 0.2367 0.2367 0.2367 0.2367 0.2367 0.2367 0.2367 0.2367 0.2367 0.2367 0.2367 0.2367 0.2367
WN 0.2367 0.2367 0.2367 0.2367 0.2367 0.2367 0.2367 0.2367 0.2367 0.2367 0.2367 0.2367 0.2367 0.2367 0.2367 0.2367 0.2367 0.2367 0.2367 0.2367 0.2367 0.2367 0.2367 0.2367 0.2367 0.2367 0.2367 0.2367 0.2367 0.2367 0.2367 0.2367
;

param CapacityOfOneTechnologyUnit default 0 :=
;

param CapacityToActivityUnit default 1 :
BS CO_Imp COPP Dist_Comm Dist_Ind Dist_Res DS_Import DSPP El_Import Hydro_Max Hydro_Med Hydro_Min NG_Imp NGPP PVPP Trans WIND:=
Afghanistan 8.76 1 8.76 8.76 8.76 8.76 1 8.76 1 8.76 8.76 8.76 1 8.76 8.76 8.76 8.76
;

param CapitalCost default 1e-7 :=
[Afghanistan,*,*]:
2019 2020 2021 2022 2023 2024 2025 2026 2027 2028 2029 2030 2031 2032 2033 2034 2035 2036 2037 2038 2039 2040 2041 2042 2043 2044 2045 2046 2047 2048 2049 2050:=
COPP 1.6 1.6 1.6 1.6 1.6 1.6 1.6 1.6 1.6 1.6 1.6 1.6 1.6 1.6 1.6 1.6 1.6 1.6 1.6 1.6 1.6 1.6 1.6 1.6 1.6 1.6 1.6 1.6 1.6 1.6 1.6 1.6
DSPP 0.65 0.65 0.65 0.65 0.65 0.65 0.65 0.65 0.65 0.65 0.65 0.65 0.65 0.65 0.65 0.65 0.65 0.65 0.65 0.65 0.65 0.65 0.65 0.65 0.65 0.65 0.65 0.65 0.65 0.65 0.65 0.65
Hydro_Max 2.15 2.15 2.15 2.15 2.15 2.15 2.15 2.15 2.15 2.15 2.15 2.2 2.2 2.2 2.2 2.2 2.2 2.2 2.2 2.2 2.2 2.2 2.2 2.2 2.2 2.2 2.2 2.2 2.2 2.2 2.2 2.2
Hydro_Med 2.775 2.775 2.775 2.775 2.775 2.775 2.775 2.775 2.775 2.775 2.775 2.8 2.8 2.8 2.8 2.8 2.8 2.8 2.8 2.8 2.8 2.825 2.825 2.825 2.825 2.825 2.825 2.825 2.825 2.825 2.825 2.825
Hydro_Min 3.4 3.4 3.4 3.4 3.4 3.4 3.4 3.4 3.4 3.4 3.4 3.4 3.4 3.4 3.4 3.4 3.4 3.4 3.4 3.4 3.4 3.45 3.45 3.45 3.45 3.45 3.45 3.45 3.45 3.45 3.45 3.45
NGPP 0.45 0.45 0.45 0.45 0.45 0.45 0.45 0.45 0.45 0.45 0.45 0.45 0.45 0.45 0.45 0.45 0.45 0.45 0.45 0.45 0.45 0.45 0.45 0.45 0.45 0.45 0.45 0.45 0.45 0.45 0.45 0.45
PVPP 2.36 1.64 1.64 1.64 1.64 1.64 1.64 1.64 1.64 1.64 1.64 1.26 1.26 1.26 1.26 1.26 1.26 1.26 1.26 1.26 1.26 1.1 1.1 1.1 1.1 1.1 1.1 1.1 1.1 1.1 1.1 1.1
WIND 2.02 1.92 1.92 1.92 1.92 1.92 1.92 1.92 1.92 1.92 1.92 1.84 1.84 1.84 1.84 1.84 1.84 1.84 1.84 1.84 1.84 1.8 1.8 1.8 1.8 1.8 1.8 1.8 1.8 1.8 1.8 1.8
;

param CapitalCostStorage default 0 :=
;

param Conversionld default 0 :=
;

param Conversionlh default 0 :=
;

param Conversionls default 0 :=
;

param DaySplit default 0 :=
;

param DaysInDayType default 0 :=
;

param DepreciationMethod default 1 :=
;

param DiscountRate default 0.05 :=
;

param EmissionActivityRatio default 0 :=
;

param EmissionsPenalty default 0 :=
;

param FixedCost default 1e-7 :=
[Afghanistan,*,*]:
2019 2020 2021 2022 2023 2024 2025 2026 2027 2028 2029 2030 2031 2032 2033 2034 2035 2036 2037 2038 2039 2040 2041 2042 2043 2044 2045 2046 2047 2048 2049 2050:=
COPP 0.065 0.065 0.065 0.065 0.065 0.065 0.065 0.065 0.065 0.065 0.065 0.065 0.065 0.065 0.065 0.065 0.065 0.065 0.065 0.065 0.065 0.065 0.065 0.065 0.065 0.065 0.065 0.065 0.065 0.065 0.065 0.065
DSPP 0.0078 0.0078 0.0078 0.0078 0.0078 0.0078 0.0078 0.0078 0.0078 0.0078 0.0078 0.0078 0.0078 0.0078 0.0078 0.0078 0.0078 0.0078 0.0078 0.0078 0.0078 0.0078 0.0078 0.0078 0.0078 0.0078 0.0078 0.0078 0.0078 0.0078 0.0078 0.0078
Hydro_Max 0.055 0.055 0.055 0.055 0.055 0.055 0.055 0.055 0.055 0.055 0.055 0.055 0.055 0.055 0.055 0.055 0.055 0.055 0.055 0.055 0.055 0.055 0.055 0.055 0.055 0.055 0.055 0.055 0.055 0.055 0.055 0.055
Hydro_Med 0.0625 0.0625 0.0625 0.0625 0.0625 0.0625 0.0625 0.0625 0.0625 0.0625 0.0625 0.0625 0.0625 0.0625 0.0625 0.0625 0.0625 0.0625 0.0625 0.0625 0.0625 0.0625 0.0625 0.0625 0.0625 0.0625 0.0625 0.0625 0.0625 0.0625 0.0625 0.0625
Hydro_Min 0.07 0.07 0.07 0.07 0.07 0.07 0.07 0.07 0.07 0.07 0.07 0.07 0.07 0.07 0.07 0.07 0.07 0.07 0.07 0.07 0.07 0.07 0.07 0.07 0.07 0.07 0.07 0.07 0.07 0.07 0.07 0.07
NGPP 0.025 0.025 0.025 0.025 0.025 0.025 0.025 0.025 0.025 0.025 0.025 0.025 0.025 0.025 0.025 0.025 0.025 0.025 0.025 0.025 0.025 0.025 0.025 0.025 0.025 0.025 0.025 0.025 0.025 0.025 0.025 0.025
PVPP 0.024 0.22 0.22 0.22 0.22 0.22 0.22 0.22 0.22 0.22 0.22 0.2 0.2 0.2 0.2 0.2 0.2 0.2 0.2 0.2 0.2 0.2 0.2 0.2 0.2 0.2 0.2 0.2 0.2 0.2 0.2 0.2
WIND 0.05 0.48 0.48 0.48 0.48 0.48 0.48 0.48 0.48 0.48 0.48 0.48 0.48 0.48 0.48 0.48 0.48 0.48 0.48 0.48 0.48 0.46 0.46 0.46 0.46 0.46 0.46 0.46 0.46 0.46 0.46 0.46
;

param InputActivityRatio default 0 :=
[Afghanistan,COPP,COAL,*,*]:
2019 2020 2021 2022 2023 2024 2025 2026 2027 2028 2029 2030 2031 2032 2033 2034 2035 2036 2037 2038 2039 2040 2041 2042 2043 2044 2045 2046 2047 2048 2049 2050:=
1 2.439 2.439 2.439 2.439 2.439 2.439 2.439 2.439 2.439 2.439 2.439 2.439 2.439 2.439 2.439 2.439 2.439 2.439 2.439 2.439 2.439 2.439 2.439 2.439 2.439 2.439 2.439 2.439 2.439 2.439 2.439 2.439
[Afghanistan,Dist_Comm,El_Distribution,*,*]:
2019 2020 2021 2022 2023 2024 2025 2026 2027 2028 2029 2030 2031 2032 2033 2034 2035 2036 2037 2038 2039 2040 2041 2042 2043 2044 2045 2046 2047 2048 2049 2050:=
1 1.275585314 1.269870895 1.264182076 1.258518741 1.252880778 1.247268071 1.241680509 1.236117978 1.230580367 1.225067563 1.219579455 1.214115933 1.208676887 1.203262207 1.197871784 1.19250551 1.187163275 1.181844972 1.176550495 1.171279736 1.16603259 1.160808949 1.15560871 1.150431767 1.145278016 1.140147353 1.135039675 1.129954878 1.12489286 1.119853519 1.114836754 1.109842463
[Afghanistan,Dist_Ind,El_Distribution,*,*]:
2019 2020 2021 2022 2023 2024 2025 2026 2027 2028 2029 2030 2031 2032 2033 2034 2035 2036 2037 2038 2039 2040 2041 2042 2043 2044 2045 2046 2047 2048 2049 2050:=
1 1.275585314 1.269870895 1.264182076 1.258518741 1.252880778 1.247268071 1.241680509 1.236117978 1.230580367 1.225067563 1.219579455 1.214115933 1.208676887 1.203262207 1.197871784 1.19250551 1.187163275 1.181844972 1.176550495 1.171279736 1.16603259 1.160808949 1.15560871 1.150431767 1.145278016 1.140147353 1.135039675 1.129954878 1.12489286 1.119853519 1.114836754 1.109842463
[Afghanistan,Dist_Res,El_Distribution,*,*]:
2019 2020 2021 2022 2023 2024 2025 2026 2027 2028 2029 2030 2031 2032 2033 2034 2035 2036 2037 2038 2039 2040 2041 2042 2043 2044 2045 2046 2047 2048 2049 2050:=
1 1.275585314 1.269870895 1.264182076 1.258518741 1.252880778 1.247268071 1.241680509 1.236117978 1.230580367 1.225067563 1.219579455 1.214115933 1.208676887 1.203262207 1.197871784 1.19250551 1.187163275 1.181844972 1.176550495 1.171279736 1.16603259 1.160808949 1.15560871 1.150431767 1.145278016 1.140147353 1.135039675 1.129954878 1.12489286 1.119853519 1.114836754 1.109842463
[Afghanistan,DSPP,DIESEL,*,*]:
2019 2020 2021 2022 2023 2024 2025 2026 2027 2028 2029 2030 2031 2032 2033 2034 2035 2036 2037 2038 2039 2040 2041 2042 2043 2044 2045 2046 2047 2048 2049 2050:=
1 2.564 2.564 2.564 2.564 2.564 2.564 2.564 2.564 2.564 2.564 2.564 2.564 2.564 2.564 2.564 2.564 2.564 2.564 2.564 2.564 2.564 2.564 2.564 2.564 2.564 2.564 2.564 2.564 2.564 2.564 2.564 2.564
[Afghanistan,NGPP,NG,*,*]:
2019 2020 2021 2022 2023 2024 2025 2026 2027 2028 2029 2030 2031 2032 2033 2034 2035 2036 2037 2038 2039 2040 2041 2042 2043 2044 2045 2046 2047 2048 2049 2050:=
1 2.63157 2.63157 2.63157 2.63157 2.63157 2.63157 2.63157 2.63157 2.63157 2.63157 2.63157 2.63157 2.63157 2.63157 2.63157 2.63157 2.63157 2.63157 2.63157 2.63157 2.63157 2.63157 2.63157 2.63157 2.63157 2.63157 2.63157 2.63157 2.63157 2.63157 2.63157 2.63157
[Afghanistan,Trans,El_Transmission,*,*]:
2019 2020 2021 2022 2023 2024 2025 2026 2027 2028 2029 2030 2031 2032 2033 2034 2035 2036 2037 2038 2039 2040 2041 2042 2043 2044 2045 2046 2047 2048 2049 2050:=
1 1.161068453 1.15724953 1.153443167 1.149649325 1.14586796 1.142099034 1.138342503 1.134598329 1.13086647 1.127146885 1.123439534 1.119744378 1.116061375 1.112390487 1.108731672 1.105084892 1.101450107 1.097827277 1.094216363 1.090617326 1.087030126 1.083454726 1.079891085 1.076339166 1.072798929 1.069270337 1.065753351 1.062247933 1.058754045 1.055271648 1.051800706 1.04834118
;

param MinStorageCharge default 0 :=
;

param ModelPeriodEmissionLimit default 999999 :=
;

param ModelPeriodExogenousEmission default 0 :=
;

param MustUtilizeTag default 0 :=
;

param OperationalLife default 1 :
BS CO_Imp COPP Dist_Comm Dist_Ind Dist_Res DS_Import DSPP El_Import Hydro_Max Hydro_Med Hydro_Min NG_Imp NGPP PVPP Trans WIND:=
Afghanistan 1 1 40 30 30 30 1 40 1 100 100 100 1 40 20 30 20
;

param OperationalLifeStorage default 0 :=
;

param OutputActivityRatio default 0 :=
[Afghanistan,BS,El_Transmission,*,*]:
2019 2020 2021 2022 2023 2024 2025 2026 2027 2028 2029 2030 2031 2032 2033 2034 2035 2036 2037 2038 2039 2040 2041 2042 2043 2044 2045 2046 2047 2048 2049 2050:=
1 1 1 1 1 1 1 1 1 1 1 1 1 1 1 1 1 1 1 1 1 1 1 1 1 1 1 1 1 1 1 1 1
[Afghanistan,CO_Imp,COAL,*,*]:
2019 2020 2021 2022 2023 2024 2025 2026 2027 2028 2029 2030 2031 2032 2033 2034 2035 2036 2037 2038 2039 2040 2041 2042 2043 2044 2045 2046 2047 2048 2049 2050:=
1 1 1 1 1 1 1 1 1 1 1 1 1 1 1 1 1 1 1 1 1 1 1 1 1 1 1 1 1 1 1 1 1
[Afghanistan,COPP,El_Transmission,*,*]:
2019 2020 2021 2022 2023 2024 2025 2026 2027 2028 2029 2030 2031 2032 2033 2034 2035 2036 2037 2038 2039 2040 2041 2042 2043 2044 2045 2046 2047 2048 2049 2050:=
1 1 1 1 1 1 1 1 1 1 1 1 1 1 1 1 1 1 1 1 1 1 1 1 1 1 1 1 1 1 1 1 1
[Afghanistan,Dist_Comm,El_Commercial,*,*]:
2019 2020 2021 2022 2023 2024 2025 2026 2027 2028 2029 2030 2031 2032 2033 2034 2035 2036 2037 2038 2039 2040 2041 2042 2043 2044 2045 2046 2047 2048 2049 2050:=
1 1 1 1 1 1 1 1 1 1 1 1 1 1 1 1 1 1 1 1 1 1 1 1 1 1 1 1 1 1 1 1 1
[Afghanistan,Dist_Ind,El_Industry,*,*]:
2019 2020 2021 2022 2023 2024 2025 2026 2027 2028 2029 2030 2031 2032 2033 2034 2035 2036 2037 2038 2039 2040 2041 2042 2043 2044 2045 2046 2047 2048 2049 2050:=
1 1 1 1 1 1 1 1 1 1 1 1 1 1 1 1 1 1 1 1 1 1 1 1 1 1 1 1 1 1 1 1 1
[Afghanistan,Dist_Res,El_Residential,*,*]:
2019 2020 2021 2022 2023 2024 2025 2026 2027 2028 2029 2030 2031 2032 2033 2034 2035 2036 2037 2038 2039 2040 2041 2042 2043 2044 2045 2046 2047 2048 2049 2050:=
1 1 1 1 1 1 1 1 1 1 1 1 1 1 1 1 1 1 1 1 1 1 1 1 1 1 1 1 1 1 1 1 1
[Afghanistan,DS_Import,DIESEL,*,*]:
2019 2020 2021 2022 2023 2024 2025 2026 2027 2028 2029 2030 2031 2032 2033 2034 2035 2036 2037 2038 2039 2040 2041 2042 2043 2044 2045 2046 2047 2048 2049 2050:=
1 1 1 1 1 1 1 1 1 1 1 1 1 1 1 1 1 1 1 1 1 1 1 1 1 1 1 1 1 1 1 1 1
[Afghanistan,DSPP,El_Transmission,*,*]:
2019 2020 2021 2022 2023 2024 2025 2026 2027 2028 2029 2030 2031 2032 2033 2034 2035 2036 2037 2038 2039 2040 2041 2042 2043 2044 2045 2046 2047 2048 2049 2050:=
1 1 1 1 1 1 1 1 1 1 1 1 1 1 1 1 1 1 1 1 1 1 1 1 1 1 1 1 1 1 1 1 1
[Afghanistan,El_Import,El_Transmission,*,*]:
2019 2020 2021 2022 2023 2024 2025 2026 2027 2028 2029 2030 2031 2032 2033 2034 2035 2036 2037 2038 2039 2040 2041 2042 2043 2044 2045 2046 2047 2048 2049 2050:=
1 1 1 1 1 1 1 1 1 1 1 1 1 1 1 1 1 1 1 1 1 1 1 1 1 1 1 1 1 1 1 1 1
[Afghanistan,Hydro_Max,El_Transmission,*,*]:
2019 2020 2021 2022 2023 2024 2025 2026 2027 2028 2029 2030 2031 2032 2033 2034 2035 2036 2037 2038 2039 2040 2041 2042 2043 2044 2045 2046 2047 2048 2049 2050:=
1 1 1 1 1 1 1 1 1 1 1 1 1 1 1 1 1 1 1 1 1 1 1 1 1 1 1 1 1 1 1 1 1
[Afghanistan,Hydro_Med,El_Transmission,*,*]:
2019 2020 2021 2022 2023 2024 2025 2026 2027 2028 2029 2030 2031 2032 2033 2034 2035 2036 2037 2038 2039 2040 2041 2042 2043 2044 2045 2046 2047 2048 2049 2050:=
1 1 1 1 1 1 1 1 1 1 1 1 1 1 1 1 1 1 1 1 1 1 1 1 1 1 1 1 1 1 1 1 1
[Afghanistan,Hydro_Min,El_Transmission,*,*]:
2019 2020 2021 2022 2023 2024 2025 2026 2027 2028 2029 2030 2031 2032 2033 2034 2035 2036 2037 2038 2039 2040 2041 2042 2043 2044 2045 2046 2047 2048 2049 2050:=
1 1 1 1 1 1 1 1 1 1 1 1 1 1 1 1 1 1 1 1 1 1 1 1 1 1 1 1 1 1 1 1 1
[Afghanistan,NG_Imp,NG,*,*]:
2019 2020 2021 2022 2023 2024 2025 2026 2027 2028 2029 2030 2031 2032 2033 2034 2035 2036 2037 2038 2039 2040 2041 2042 2043 2044 2045 2046 2047 2048 2049 2050:=
1 1 1 1 1 1 1 1 1 1 1 1 1 1 1 1 1 1 1 1 1 1 1 1 1 1 1 1 1 1 1 1 1
[Afghanistan,NGPP,El_Transmission,*,*]:
2019 2020 2021 2022 2023 2024 2025 2026 2027 2028 2029 2030 2031 2032 2033 2034 2035 2036 2037 2038 2039 2040 2041 2042 2043 2044 2045 2046 2047 2048 2049 2050:=
1 1 1 1 1 1 1 1 1 1 1 1 1 1 1 1 1 1 1 1 1 1 1 1 1 1 1 1 1 1 1 1 1
[Afghanistan,PVPP,El_Transmission,*,*]:
2019 2020 2021 2022 2023 2024 2025 2026 2027 2028 2029 2030 2031 2032 2033 2034 2035 2036 2037 2038 2039 2040 2041 2042 2043 2044 2045 2046 2047 2048 2049 2050:=
1 1 1 1 1 1 1 1 1 1 1 1 1 1 1 1 1 1 1 1 1 1 1 1 1 1 1 1 1 1 1 1 1
[Afghanistan,Trans,El_Distribution,*,*]:
2019 2020 2021 2022 2023 2024 2025 2026 2027 2028 2029 2030 2031 2032 2033 2034 2035 2036 2037 2038 2039 2040 2041 2042 2043 2044 2045 2046 2047 2048 2049 2050:=
1 1 1 1 1 1 1 1 1 1 1 1 1 1 1 1 1 1 1 1 1 1 1 1 1 1 1 1 1 1 1 1 1
[Afghanistan,WIND,El_Transmission,*,*]:
2019 2020 2021 2022 2023 2024 2025 2026 2027 2028 2029 2030 2031 2032 2033 2034 2035 2036 2037 2038 2039 2040 2041 2042 2043 2044 2045 2046 2047 2048 2049 2050:=
1 1 1 1 1 1 1 1 1 1 1 1 1 1 1 1 1 1 1 1 1 1 1 1 1 1 1 1 1 1 1 1 1
;

param REMinProductionTarget default 0 :=
;

param RETagFuel default 0 :=
;

param RETagTechnology default 0 :=
;

param ReserveMargin default 1 :=
;

param ReserveMarginTagFuel default 0 :=
;

param ReserveMarginTagTechnology default 0 :=
;

param ResidualCapacity default 0 :=
[Afghanistan,*,*]:
2019 2020 2021 2022 2023 2024 2025 2026 2027 2028 2029 2030 2031 2032 2033 2034 2035 2036 2037 2038 2039 2040 2041 2042 2043 2044 2045 2046 2047 2048 2049 2050:=
Dist_Comm 1248.636104 1248.636104 1248.636104 1592.777936 1951.792065 2325.382736 2713.314242 3115.393082 3531.456745 3961.366285 4405.001155 4862.255504 5333.035442 5817.256958 6314.844326 6825.728836 7349.847789 7887.143689 8437.56354 9001.058331 9577.582562 10167.09383 10769.55252 11384.92151 12013.16593 12654.25294 13308.15155 13974.83244 14654.26787 15346.43147 16051.29821 16768.84422
Dist_Ind 2912.339332 2912.339332 2912.339332 3715.021385 4552.391827 5423.760836 6328.578647 7266.393928 8236.827637 9239.555701 10274.29695 11340.8045 12438.85934 13568.26555 14728.84649 15920.44191 17142.90555 18396.10331 19679.9116 20994.21609 22338.91067 23713.89642 25119.08095 26554.37768 28019.70528 29514.98712 31040.15096 32595.12843 34179.85476 35794.2685 37438.31123 39111.92733
Dist_Res 3555.529303 3555.529303 3555.529303 3932.661548 4342.627884 4786.2331 5264.25487 5777.740629 6327.875792 6915.571161 7541.656155 8206.886153 8833.083481 9505.001723 10225.79406 10998.78885 11827.52939 12715.78581 13667.54178 14686.93778 15778.31042 16946.18937 18195.3383 19530.4355 20955.15831 22474.1161 24092.75849 25816.82345 27652.45265 29606.23059 31685.19359 33896.70023
DSPP 252.3148 248.72275 245.1307 242.736 242.736 197.736 197.736 197.736 197.736 197.736 197.736 197.736 197.136 197.136 197.136 197.136 197.136 197.136 197.136 197.136 197.136 197.136 197.136 197.136 197.136 189.828 174.848 174.848 174.848 174.848 169.322 169.322
Hydro_Max 100 100 100 100 100 100 100 100 100 100 100 100 100 100 100 100 100 100 100 100 100 100 100 100 100 100 100 100 100 100 100 100
Hydro_Med 125 125 125 125 125 125 125 125 125 125 125 125 125 125 125 125 125 125 125 125 125 125 125 125 125 125 125 125 125 125 125 125
Hydro_Min 26.1498 26.13525 25.6207 25.611 25.611 25.611 25.611 25.611 25.611 25.611 25.611 25.611 25.611 25.611 25.611 25.611 25.611 25.611 25.611 25.611 25.611 25.611 23.411 23.411 23.411 23.411 23.411 23.411 23.411 23.411 23.411 22.641
NGPP 28.6 18.55 10.9 8.25 6 3.75 1.5 0 0 0 0 0 0 0 0 0 0 0 0 0 0 0 0 0 0 0 0 0 0 0 0 0
PVPP 2.8 2.8 2.8 2.8 2.8 2.8 2.8 2.8 2.8 2.8 2.8 2.8 2.7 2.7 2.7 1.7 1.7 1.7 1.7 0 0 0 0 0 0 0 0 0 0 0 0 0
Trans 6400.299445 5760.269501 5184.242551 4665.818296 4199.236466 3779.312819 3401.381538 3061.243384 2755.119045 2479.607141 2231.646427 2008.481784 1807.633606 1626.870245 1464.183221 1317.764899 1185.988409 1067.389568 960.650611 864.5855499 778.1269949 700.3142954 630.2828659 567.2545793 510.5291214 459.4762092 413.5285883 372.1757295 334.9581565 301.4623409 271.3161068 244.1844961
WIND 0.375 0.375 0.375 0.375 0.375 0.375 0.375 0.375 0.375 0.375 0.3 0.3 0.3 0.3 0.3 0.3 0.3 0.3 0.3 0 0 0 0 0 0 0 0 0 0 0 0 0
;

param ResidualStorageCapacity default 0 :=
;

param SpecifiedAnnualDemand default 0 :=
[Afghanistan,*,*]:
2019 2020 2021 2022 2023 2024 2025 2026 2027 2028 2029 2030 2031 2032 2033 2034 2035 2036 2037 2038 2039 2040 2041 2042 2043 2044 2045 2046 2047 2048 2049 2050:=
El_Commercial 797.9969237 1209.829852 1642.437989 2095.117209 2567.359234 3058.775034 3569.054564 4097.943291 4645.227456 5210.724287 5794.275219 6395.74102 7014.998183 7651.936208 8306.455482 8978.465626 9667.884169 10374.63547 11098.64983 11839.86278 12598.21447 13373.64912 14166.11462 14975.56215 15801.94584 16645.22247 17505.3513 18382.29378 19276.01337 20186.47543 21113.647 22057.49672
El_Industry 3336.702163 5058.718603 6867.603403 8760.412371 10735.02022 12789.80027 14923.45613 17134.9235 19423.30858 21787.84715 24227.87618 26742.81349 29332.14266 31995.40166 34732.17396 37542.08166 40424.77992 43379.95244 46407.30783 49506.57651 52677.50817 55919.86964 59233.44302 62618.02414 66073.42119 69599.45356 73195.95079 76862.7517 80599.70359 84406.66152 88283.48773 92230.05105
El_Residential 4536.151366 5028.898658 5570.021095 6160.828928 6803.07399 7498.01705 8246.876395 9051.292914 9913.123658 10833.79547 11814.6077 12856.74371 13837.73192 14890.3456 16019.52446 17230.48263 18528.77099 19920.29573 21411.2976 23008.26299 24717.98553 26547.56135 28504.45307 30595.98964 32827.93191 35207.5008 37743.2336 40444.11928 43319.77927 46380.52871 49637.39057 53101.89265
;

param SpecifiedDemandProfile default 0 :=
[Afghanistan,El_Commercial,*,*]:
2019 2020 2021 2022 2023 2024 2025 2026 2027 2028 2029 2030 2031 2032 2033 2034 2035 2036 2037 2038 2039 2040 2041 2042 2043 2044 2045 2046 2047 2048 2049 2050:=
AD 0.16 0.16 0.16 0.16 0.16 0.16 0.16 0.16 0.16 0.16 0.16 0.16 0.16 0.16 0.16 0.16 0.16 0.16 0.16 0.16 0.16 0.16 0.16 0.16 0.16 0.16 0.16 0.16 0.16 0.16 0.16 0.16
AN 0.04 0.04 0.04 0.04 0.04 0.04 0.04 0.04 0.04 0.04 0.04 0.04 0.04 0.04 0.04 0.04 0.04 0.04 0.04 0.04 0.04 0.04 0.04 0.04 0.04 0.04 0.04 0.04 0.04 0.04 0.04 0.04
SPD 0.12 0.12 0.12 0.12 0.12 0.12 0.12 0.12 0.12 0.12 0.12 0.12 0.12 0.12 0.12 0.12 0.12 0.12 0.12 0.12 0.12 0.12 0.12 0.12 0.12 0.12 0.12 0.12 0.12 0.12 0.12 0.12
SPN 0.03 0.03 0.03 0.03 0.03 0.03 0.03 0.03 0.03 0.03 0.03 0.03 0.03 0.03 0.03 0.03 0.03 0.03 0.03 0.03 0.03 0.03 0.03 0.03 0.03 0.03 0.03 0.03 0.03 0.03 0.03 0.03
SUD 0.24 0.24 0.24 0.24 0.24 0.24 0.24 0.24 0.24 0.24 0.24 0.24 0.24 0.24 0.24 0.24 0.24 0.24 0.24 0.24 0.24 0.24 0.24 0.24 0.24 0.24 0.24 0.24 0.24 0.24 0.24 0.24
SUN 0.06 0.06 0.06 0.06 0.06 0.06 0.06 0.06 0.06 0.06 0.06 0.06 0.06 0.06 0.06 0.06 0.06 0.06 0.06 0.06 0.06 0.06 0.06 0.06 0.06 0.06 0.06 0.06 0.06 0.06 0.06 0.06
WD 0.28 0.28 0.28 0.28 0.28 0.28 0.28 0.28 0.28 0.28 0.28 0.28 0.28 0.28 0.28 0.28 0.28 0.28 0.28 0.28 0.28 0.28 0.28 0.28 0.28 0.28 0.28 0.28 0.28 0.28 0.28 0.28
WN 0.07 0.07 0.07 0.07 0.07 0.07 0.07 0.07 0.07 0.07 0.07 0.07 0.07 0.07 0.07 0.07 0.07 0.07 0.07 0.07 0.07 0.07 0.07 0.07 0.07 0.07 0.07 0.07 0.07 0.07 0.07 0.07
[Afghanistan,El_Industry,*,*]:
2019 2020 2021 2022 2023 2024 2025 2026 2027 2028 2029 2030 2031 2032 2033 2034 2035 2036 2037 2038 2039 2040 2041 2042 2043 2044 2045 2046 2047 2048 2049 2050:=
AD 0.16 0.16 0.16 0.16 0.16 0.16 0.16 0.16 0.16 0.16 0.16 0.16 0.16 0.16 0.16 0.16 0.16 0.16 0.16 0.16 0.16 0.16 0.16 0.16 0.16 0.16 0.16 0.16 0.16 0.16 0.16 0.16
AN 0.04 0.04 0.04 0.04 0.04 0.04 0.04 0.04 0.04 0.04 0.04 0.04 0.04 0.04 0.04 0.04 0.04 0.04 0.04 0.04 0.04 0.04 0.04 0.04 0.04 0.04 0.04 0.04 0.04 0.04 0.04 0.04
SPD 0.12 0.12 0.12 0.12 0.12 0.12 0.12 0.12 0.12 0.12 0.12 0.12 0.12 0.12 0.12 0.12 0.12 0.12 0.12 0.12 0.12 0.12 0.12 0.12 0.12 0.12 0.12 0.12 0.12 0.12 0.12 0.12
SPN 0.03 0.03 0.03 0.03 0.03 0.03 0.03 0.03 0.03 0.03 0.03 0.03 0.03 0.03 0.03 0.03 0.03 0.03 0.03 0.03 0.03 0.03 0.03 0.03 0.03 0.03 0.03 0.03 0.03 0.03 0.03 0.03
SUD 0.24 0.24 0.24 0.24 0.24 0.24 0.24 0.24 0.24 0.24 0.24 0.24 0.24 0.24 0.24 0.24 0.24 0.24 0.24 0.24 0.24 0.24 0.24 0.24 0.24 0.24 0.24 0.24 0.24 0.24 0.24 0.24
SUN 0.06 0.06 0.06 0.06 0.06 0.06 0.06 0.06 0.06 0.06 0.06 0.06 0.06 0.06 0.06 0.06 0.06 0.06 0.06 0.06 0.06 0.06 0.06 0.06 0.06 0.06 0.06 0.06 0.06 0.06 0.06 0.06
WD 0.28 0.28 0.28 0.28 0.28 0.28 0.28 0.28 0.28 0.28 0.28 0.28 0.28 0.28 0.28 0.28 0.28 0.28 0.28 0.28 0.28 0.28 0.28 0.28 0.28 0.28 0.28 0.28 0.28 0.28 0.28 0.28
WN 0.07 0.07 0.07 0.07 0.07 0.07 0.07 0.07 0.07 0.07 0.07 0.07 0.07 0.07 0.07 0.07 0.07 0.07 0.07 0.07 0.07 0.07 0.07 0.07 0.07 0.07 0.07 0.07 0.07 0.07 0.07 0.07
[Afghanistan,El_Residential,*,*]:
2019 2020 2021 2022 2023 2024 2025 2026 2027 2028 2029 2030 2031 2032 2033 2034 2035 2036 2037 2038 2039 2040 2041 2042 2043 2044 2045 2046 2047 2048 2049 2050:=
AD 0.16 0.16 0.16 0.16 0.16 0.16 0.16 0.16 0.16 0.16 0.16 0.16 0.16 0.16 0.16 0.16 0.16 0.16 0.16 0.16 0.16 0.16 0.16 0.16 0.16 0.16 0.16 0.16 0.16 0.16 0.16 0.16
AN 0.04 0.04 0.04 0.04 0.04 0.04 0.04 0.04 0.04 0.04 0.04 0.04 0.04 0.04 0.04 0.04 0.04 0.04 0.04 0.04 0.04 0.04 0.04 0.04 0.04 0.04 0.04 0.04 0.04 0.04 0.04 0.04
SPD 0.12 0.12 0.12 0.12 0.12 0.12 0.12 0.12 0.12 0.12 0.12 0.12 0.12 0.12 0.12 0.12 0.12 0.12 0.12 0.12 0.12 0.12 0.12 0.12 0.12 0.12 0.12 0.12 0.12 0.12 0.12 0.12
SPN 0.03 0.03 0.03 0.03 0.03 0.03 0.03 0.03 0.03 0.03 0.03 0.03 0.03 0.03 0.03 0.03 0.03 0.03 0.03 0.03 0.03 0.03 0.03 0.03 0.03 0.03 0.03 0.03 0.03 0.03 0.03 0.03
SUD 0.24 0.24 0.24 0.24 0.24 0.24 0.24 0.24 0.24 0.24 0.24 0.24 0.24 0.24 0.24 0.24 0.24 0.24 0.24 0.24 0.24 0.24 0.24 0.24 0.24 0.24 0.24 0.24 0.24 0.24 0.24 0.24
SUN 0.06 0.06 0.06 0.06 0.06 0.06 0.06 0.06 0.06 0.06 0.06 0.06 0.06 0.06 0.06 0.06 0.06 0.06 0.06 0.06 0.06 0.06 0.06 0.06 0.06 0.06 0.06 0.06 0.06 0.06 0.06 0.06
WD 0.28 0.28 0.28 0.28 0.28 0.28 0.28 0.28 0.28 0.28 0.28 0.28 0.28 0.28 0.28 0.28 0.28 0.28 0.28 0.28 0.28 0.28 0.28 0.28 0.28 0.28 0.28 0.28 0.28 0.28 0.28 0.28
WN 0.07 0.07 0.07 0.07 0.07 0.07 0.07 0.07 0.07 0.07 0.07 0.07 0.07 0.07 0.07 0.07 0.07 0.07 0.07 0.07 0.07 0.07 0.07 0.07 0.07 0.07 0.07 0.07 0.07 0.07 0.07 0.07
;

param StorageLevelStart default 0 :=
;

param StorageMaxChargeRate default 0 :=
;

param StorageMaxDischargeRate default 0 :=
;

param TechnologyFromStorage default 0 :=
;

param TechnologyToStorage default 0 :=
;

param TotalAnnualMaxCapacity default 9999999 :=
[Afghanistan,*,*]:
2019 2020 2021 2022 2023 2024 2025 2026 2027 2028 2029 2030 2031 2032 2033 2034 2035 2036 2037 2038 2039 2040 2041 2042 2043 2044 2045 2046 2047 2048 2049 2050:=
COPP 100 200 300 400 500 600 700 800 1300 1400 2300 2400 2500 2600 2700 2800 2900 3000 3100 3200 3300 3400 3500 3600 3700 3800 4000 4100 4200 4300 4400 4500
DSPP 352.3148 448.72275 545.1307 648.526 754.316 815.106 920.896 1026.686 1132.476 1236.336 1336.336 1436.336 1535.736 1635.736 1735.736 1835.736 1935.736 2035.736 2135.736 2235.736 2335.736 2435.736 2535.736 2635.736 2735.736 2828.428 4013.448 4113.448 4213.448 4313.448 4407.922 4507.922
Hydro_Max 300 500 700 900 1100 2089 2308.29 2827.58 3046.87 3366.16 3585.45 3804.74 4017.6 4457.6 4657.6 4857.6 5057.6 5257.6 5457.6 5657.6 5857.6 6057.6 6257.6 6457.6 6657.6 6857.6 8215.2 8415.2 8615.2 8815.2 9015.2 9215.2
Hydro_Med 283.5 383.5 483.5 583.5 683.5 783.5 889.5 995.5 1101.5 1207.5 1403.5 1509.5 1613.5 1713.5 1813.5 1913.5 2013.5 2113.5 2213.5 2313.5 2413.5 2513.5 2613.5 2713.5 2813.5 2913.5 3113.5 3213.5 3313.5 3413.5 3513.5 3613.5
Hydro_Min 76.1498 126.13525 175.6207 225.611 275.611 325.611 376.66145 427.7119 478.76235 529.8128 580.86325 631.9137 682.254 732.254 782.254 832.254 882.254 932.254 982.254 1032.254 1082.254 1132.254 1180.054 1230.054 1280.054 1330.054 1030.054 1080.054 1130.054 1180.054 1230.054 1279.284
NGPP 328.6 418.55 560.9 758.25 906 1003.75 1101.5 1200 1300 1400 1500 1600 1700 1800 1900 2000 2100 2200 2300 2400 2500 2600 2700 2800 2900 3000 3200 3300 3400 3500 3600 3700
PVPP 127.8 227.8 327.8 427.8 527.8 627.8 727.8 827.8 927.8 1027.8 1127.8 1227.8 1327.7 1427.7 1527.7 1626.7 1726.7 1826.7 1926.7 2025 2125 2225 2325 2425 2525 2625 2825 2925 3025 3125 3225 3325
WIND 100.375 200.375 300.375 400.375 500.375 600.375 700.375 800.375 900.375 1000.375 1100.3 1200.3 1300.3 1400.3 1500.3 1600.3 1700.3 1800.3 1900.3 2000 2100 2200 2300 2400 2500 2600 2700 2800 2900 3000 3100 3200
;

param TotalAnnualMaxCapacityInvestment default 9999999 :=
[Afghanistan,*,*]:
2019 2020 2021 2022 2023 2024 2025 2026 2027 2028 2029 2030 2031 2032 2033 2034 2035 2036 2037 2038 2039 2040 2041 2042 2043 2044 2045 2046 2047 2048 2049 2050:=
COPP 100 200 300 400 500 600 700 800 1300 1400 2300 2400 2500 2600 2700 2800 2900 3000 3100 3200 3300 3400 3500 3600 3700 3800 4000 4100 4200 4300 4400 4500
DSPP 100 200 300 405.79 511.58 617.37 723.16 828.95 934.74 1038.6 1138.6 1238.6 1338.6 1438.6 1538.6 1638.6 1738.6 1838.6 1938.6 2038.6 2138.6 2238.6 2338.6 2438.6 2538.6 2638.6 3838.6 3938.6 4038.6 4138.6 4238.6 4338.6
Hydro_Max 200 400 600 800 1000 1989 2208.29 2727.58 2946.87 3266.16 3485.45 3704.74 3917.6 4357.6 4557.6 4757.6 4957.6 5157.6 5357.6 5557.6 5757.6 5957.6 6157.6 6357.6 6557.6 6757.6 8115.2 8315.2 8515.2 8715.2 8915.2 9115.2
Hydro_Med 158.5 258.5 358.5 458.5 558.5 658.5 764.5 870.5 976.5 1082.5 1278.5 1384.5 1488.5 1588.5 1688.5 1788.5 1888.5 1988.5 2088.5 2188.5 2288.5 2388.5 2488.5 2588.5 2688.5 2788.5 2988.5 3088.5 3188.5 3288.5 3388.5 3488.5
Hydro_Min 50 100 150 200 250 300 351.05045 402.1009 453.15135 504.2018 555.25225 606.3027 656.643 706.643 756.643 806.643 856.643 906.643 956.643 1006.643 1056.643 1106.643 1156.643 1206.643 1256.643 1306.643 1006.643 1056.643 1106.643 1156.643 1206.643 1256.643
NGPP 300 400 550 750 900 1000 1100 1200 1300 1400 1500 1600 1700 1800 1900 2000 2100 2200 2300 2400 2500 2600 2700 2800 2900 3000 3200 3300 3400 3500 3600 3700
PVPP 125 225 325 425 525 625 725 825 925 1025 1125 1225 1325 1425 1525 1625 1725 1825 1925 2025 2125 2225 2325 2425 2525 2625 2825 2925 3025 3125 3225 3325
WIND 100 200 300 400 500 600 700 800 900 1000 1100 1200 1300 1400 1500 1600 1700 1800 1900 2000 2100 2200 2300 2400 2500 2600 2700 2800 2900 3000 3100 3200
;

param TotalAnnualMinCapacity default 0 :=
;

param TotalAnnualMinCapacityInvestment default 0 :=
;

param TotalTechnologyAnnualActivityLowerLimit default 0 :=
;

param TotalTechnologyAnnualActivityUpperLimit default 9999999 :=
[Afghanistan,*,*]:
2019 2020 2021 2022 2023 2024 2025 2026 2027 2028 2029 2030 2031 2032 2033 2034 2035 2036 2037 2038 2039 2040 2041 2042 2043 2044 2045 2046 2047 2048 2049 2050:=
BS 0 0 0 0 0 0 0 0 0 0 0 0 0 0 0 0 0 0 0 0 0 0 0 0 0 0 0 0 0 0 0 0
El_Import 6936.680362 9037.957691 11264.04999 13613.08681 16084.36275 18677.27389 21391.50967 24227.32777 27185.32776 30265.89353 33469.40727 36796.23858 39646.04949 42539.3931 45474.7785 48450.78274 51466.07631 54519.41389 57609.59634 60735.38564 63895.5328 67088.75607 70313.76739 73568.91164 76851.21029 80158.43671 83488.9482 86841.06545 90213.16263 93603.67271 97011.06044 100433.6643
;

param TotalTechnologyModelPeriodActivityLowerLimit default 0 :=
;

param TotalTechnologyModelPeriodActivityUpperLimit default 9999999 :=
;

param TradeRoute default 0 :=
;

param VariableCost default 1e-7 :=
[Afghanistan,BS,*,*]:
2019 2020 2021 2022 2023 2024 2025 2026 2027 2028 2029 2030 2031 2032 2033 2034 2035 2036 2037 2038 2039 2040 2041 2042 2043 2044 2045 2046 2047 2048 2049 2050:=
1 9999 9999 9999 9999 9999 9999 9999 9999 9999 9999 9999 9999 9999 9999 9999 9999 9999 9999 9999 9999 9999 9999 9999 9999 9999 9999 9999 9999 9999 9999 9999 9999
[Afghanistan,CO_Imp,*,*]:
2019 2020 2021 2022 2023 2024 2025 2026 2027 2028 2029 2030 2031 2032 2033 2034 2035 2036 2037 2038 2039 2040 2041 2042 2043 2044 2045 2046 2047 2048 2049 2050:=
1 0.000103951 0.000114346 0.000125781 0.000138359 0.000152195 0.000167414 0.000184156 0.000202571 0.000222828 0.000245111 0.000269622 0.000296585 0.000326243 0.000358867 0.000394754 0.00043423 0.000477652 0.000525418 0.00057796 0.000635755 0.000699331 0.000769264 0.000846191 0.00093081 0.001023891 0.00112628 0.001238908 0.001362798 0.001499078 0.001648986 0.001813885 0.001995273
[Afghanistan,Dist_Comm,*,*]:
2019 2020 2021 2022 2023 2024 2025 2026 2027 2028 2029 2030 2031 2032 2033 2034 2035 2036 2037 2038 2039 2040 2041 2042 2043 2044 2045 2046 2047 2048 2049 2050:=
1 0.0001 0.0001 0.0001 0.0001 0.0001 0.0001 0.0001 0.0001 0.0001 0.0001 0.0001 0.0001 0.0001 0.0001 0.0001 0.0001 0.0001 0.0001 0.0001 0.0001 0.0001 0.0001 0.0001 0.0001 0.0001 0.0001 0.0001 0.0001 0.0001 0.0001 0.0001 0.0001
[Afghanistan,Dist_Ind,*,*]:
2019 2020 2021 2022 2023 2024 2025 2026 2027 2028 2029 2030 2031 2032 2033 2034 2035 2036 2037 2038 2039 2040 2041 2042 2043 2044 2045 2046 2047 2048 2049 2050:=
1 0.0001 0.0001 0.0001 0.0001 0.0001 0.0001 0.0001 0.0001 0.0001 0.0001 0.0001 0.0001 0.0001 0.0001 0.0001 0.0001 0.0001 0.0001 0.0001 0.0001 0.0001 0.0001 0.0001 0.0001 0.0001 0.0001 0.0001 0.0001 0.0001 0.0001 0.0001 0.0001
[Afghanistan,Dist_Res,*,*]:
2019 2020 2021 2022 2023 2024 2025 2026 2027 2028 2029 2030 2031 2032 2033 2034 2035 2036 2037 2038 2039 2040 2041 2042 2043 2044 2045 2046 2047 2048 2049 2050:=
1 0.0001 0.0001 0.0001 0.0001 0.0001 0.0001 0.0001 0.0001 0.0001 0.0001 0.0001 0.0001 0.0001 0.0001 0.0001 0.0001 0.0001 0.0001 0.0001 0.0001 0.0001 0.0001 0.0001 0.0001 0.0001 0.0001 0.0001 0.0001 0.0001 0.0001 0.0001 0.0001
[Afghanistan,DS_Import,*,*]:
2019 2020 2021 2022 2023 2024 2025 2026 2027 2028 2029 2030 2031 2032 2033 2034 2035 2036 2037 2038 2039 2040 2041 2042 2043 2044 2045 2046 2047 2048 2049 2050:=
1 0.000029282 0.0000322102 0.0000354312 0.0000389743 0.0000428718 0.000047159 0.0000518748 0.0000570623 0.0000627686 0.0000690454 0.00007595 0.000083545 0.0000918995 0.000101089 0.000111198 0.000122318 0.00013455 0.000148005 0.000162805 0.000179086 0.000196995 0.000216694 0.000238364 0.0002622 0.00028842 0.000317262 0.000348988 0.000383887 0.000422276 0.000464503 0.000510953 0.000562049
[Afghanistan,El_Import,*,*]:
2019 2020 2021 2022 2023 2024 2025 2026 2027 2028 2029 2030 2031 2032 2033 2034 2035 2036 2037 2038 2039 2040 2041 2042 2043 2044 2045 2046 2047 2048 2049 2050:=
1 0.00001 0.00001001 0.0000100601 0.0000101607 0.0000103131 0.0000105193 0.0000107823 0.0000111058 0.0000114945 0.0000119543 0.0000124922 0.0000131168 0.0000138382 0.0000146685 0.000015622 0.0000167155 0.0000179692 0.0000194067 0.0000210563 0.0000229514 0.0000251317 0.0000276449 0.0000305476 0.0000339079 0.0000378073 0.0000423441 0.0000476371 0.00005383 0.000061097 0.0000696506 0.0000797499 0.0000917124
[Afghanistan,NG_Imp,*,*]:
2019 2020 2021 2022 2023 2024 2025 2026 2027 2028 2029 2030 2031 2032 2033 2034 2035 2036 2037 2038 2039 2040 2041 2042 2043 2044 2045 2046 2047 2048 2049 2050:=
1 0.00000248897 0.00000273787 0.00000301165 0.00000331282 0.0000036441 0.00000400851 0.00000440936 0.0000048503 0.00000533533 0.00000586886 0.00000645575 0.00000710132 0.00000781145 0.0000085926 0.00000945186 0.000010397 0.0000114367 0.0000125804 0.0000138385 0.0000152223 0.0000167445 0.000018419 0.0000202609 0.000022287 0.0000245157 0.0000269673 0.000029664 0.0000326304 0.0000358934 0.0000394828 0.000043431 0.0000477741
[Afghanistan,Trans,*,*]:
2019 2020 2021 2022 2023 2024 2025 2026 2027 2028 2029 2030 2031 2032 2033 2034 2035 2036 2037 2038 2039 2040 2041 2042 2043 2044 2045 2046 2047 2048 2049 2050:=
1 0.0001 0.0001 0.0001 0.0001 0.0001 0.0001 0.0001 0.0001 0.0001 0.0001 0.0001 0.0001 0.0001 0.0001 0.0001 0.0001 0.0001 0.0001 0.0001 0.0001 0.0001 0.0001 0.0001 0.0001 0.0001 0.0001 0.0001 0.0001 0.0001 0.0001 0.0001 0.0001
;

param YearSplit default 0 :
2019 2020 2021 2022 2023 2024 2025 2026 2027 2028 2029 2030 2031 2032 2033 2034 2035 2036 2037 2038 2039 2040 2041 2042 2043 2044 2045 2046 2047 2048 2049 2050:=
AD 0.1083 0.1083 0.1083 0.1083 0.1083 0.1083 0.1083 0.1083 0.1083 0.1083 0.1083 0.1083 0.1083 0.1083 0.1083 0.1083 0.1083 0.1083 0.1083 0.1083 0.1083 0.1083 0.1083 0.1083 0.1083 0.1083 0.1083 0.1083 0.1083 0.1083 0.1083 0.1083
AN 0.1339 0.1339 0.1339 0.1339 0.1339 0.1339 0.1339 0.1339 0.1339 0.1339 0.1339 0.1339 0.1339 0.1339 0.1339 0.1339 0.1339 0.1339 0.1339 0.1339 0.1339 0.1339 0.1339 0.1339 0.1339 0.1339 0.1339 0.1339 0.1339 0.1339 0.1339 0.1339
SPD 0.1347 0.1347 0.1347 0.1347 0.1347 0.1347 0.1347 0.1347 0.1347 0.1347 0.1347 0.1347 0.1347 0.1347 0.1347 0.1347 0.1347 0.1347 0.1347 0.1347 0.1347 0.1347 0.1347 0.1347 0.1347 0.1347 0.1347 0.1347 0.1347 0.1347 0.1347 0.1347
SPN 0.1197 0.1197 0.1197 0.1197 0.1197 0.1197 0.1197 0.1197 0.1197 0.1197 0.1197 0.1197 0.1197 0.1197 0.1197 0.1197 0.1197 0.1197 0.1197 0.1197 0.1197 0.1197 0.1197 0.1197 0.1197 0.1197 0.1197 0.1197 0.1197 0.1197 0.1197 0.1197
SUD 0.1471 0.1471 0.1471 0.1471 0.1471 0.1471 0.1471 0.1471 0.1471 0.1471 0.1471 0.1471 0.1471 0.1471 0.1471 0.1471 0.1471 0.1471 0.1471 0.1471 0.1471 0.1471 0.1471 0.1471 0.1471 0.1471 0.1471 0.1471 0.1471 0.1471 0.1471 0.1471
SUN 0.1073 0.1073 0.1073 0.1073 0.1073 0.1073 0.1073 0.1073 0.1073 0.1073 0.1073 0.1073 0.1073 0.1073 0.1073 0.1073 0.1073 0.1073 0.1073 0.1073 0.1073 0.1073 0.1073 0.1073 0.1073 0.1073 0.1073 0.1073 0.1073 0.1073 0.1073 0.1073
WD 0.1062 0.1062 0.1062 0.1062 0.1062 0.1062 0.1062 0.1062 0.1062 0.1062 0.1062 0.1062 0.1062 0.1062 0.1062 0.1062 0.1062 0.1062 0.1062 0.1062 0.1062 0.1062 0.1062 0.1062 0.1062 0.1062 0.1062 0.1062 0.1062 0.1062 0.1062 0.1062
WN 0.1428 0.1428 0.1428 0.1428 0.1428 0.1428 0.1428 0.1428 0.1428 0.1428 0.1428 0.1428 0.1428 0.1428 0.1428 0.1428 0.1428 0.1428 0.1428 0.1428 0.1428 0.1428 0.1428 0.1428 0.1428 0.1428 0.1428 0.1428 0.1428 0.1428 0.1428 0.1428
;

#
end;
