###############
#    Sets     #
###############
#
set DAILYTIMEBRACKET := 1 2 3 ;
set DAYTYPE := 1 ;
set FUEL := Biogas Coal Diesel EL_final GAS HFO SEC_EFL STORED_ENERGY WATER ;
set MODE_OF_OPERATION := 1 2 ;
set EMISSION := CO2 ;
set REGION := SIERRALEONE ;
set SEASON := 1 2 ;
set STORAGE := RESERVIOUR ;
set TECHNOLOGY := Backstop1 BIOGAS_PP COAL_PP DIESEL_PP DIS_SOLPV GAS_PP HDRO_DAM_PP HFO_PP HYDRO_PP IMP_COAL IMP_DIESEL IMP_ELEC IMP_GAS IMP_HFO PROD_BIOGAS RIVER SOLPV_PP TD WIND_PP ;
set TIMESLICE := S1D1 S1D2 S1D3 S2D1 S2D2 S2D3 ;
set YEAR := 2015 2016 2017 2018 2019 2020 2021 2022 2023 2024 2025 2026 2027 2028 2029 2030 2031 2032 2033 2034 2035 2036 2037 2038 2039 2040 2041 2042 2043 2044 2045 2046 2047 2048 2049 2050 ;


#####################
#    Parameters     #
#####################
#
param AccumulatedAnnualDemand default 0 :=
;

param AnnualEmissionLimit default 99999 :=
;

param AnnualExogenousEmission default 0 :=
;

param AvailabilityFactor default 1 :=
[SIERRALEONE,*,*]:
2015 2016 2017 2018 2019 2020 2021 2022 2023 2024 2025 2026 2027 2028 2029 2030 2031 2032 2033 2034 2035 2036 2037 2038 2039 2040 2041 2042 2043 2044 2045 2046 2047 2048 2049 2050:=
BIOGAS_PP 0.5 0.5 0.5 0.5 0.5 0.5 0.5 0.5 0.5 0.5 0.5 0.5 0.5 0.5 0.5 0.5 0.5 0.5 0.5 0.5 0.5 0.5 0.5 0.5 0.5 0.5 0.5 0.5 0.5 0.5 0.5 0.5 0.5 0.5 0.5 0.5
COAL_PP 0.9 0.9 0.9 0.9 0.9 0.9 0.9 0.9 0.9 0.9 0.9 0.9 0.9 0.9 0.9 0.9 0.9 0.9 0.9 0.9 0.9 0.9 0.9 0.9 0.9 0.9 0.9 0.9 0.9 0.9 0.9 0.9 0.9 0.9 0.9 0.9
DIESEL_PP 0.8 0.8 0.8 0.8 0.8 0.8 0.8 0.8 0.8 0.8 0.8 0.8 0.8 0.8 0.8 0.8 0.8 0.8 0.8 0.8 0.8 0.8 0.8 0.8 0.8 0.8 0.8 0.8 0.8 0.8 0.8 0.8 0.8 0.8 0.8 0.8
GAS_PP 0.95 0.95 0.95 0.95 0.95 0.95 0.95 0.95 0.95 0.95 0.95 0.95 0.95 0.95 0.95 0.95 0.95 0.95 0.95 0.95 0.95 0.95 0.95 0.95 0.95 0.95 0.95 0.95 0.95 0.95 0.95 0.95 0.95 0.95 0.95 0.95
HDRO_DAM_PP 0.98 0.98 0.98 0.98 0.98 0.98 0.98 0.98 0.98 0.98 0.98 0.98 0.98 0.98 0.98 0.98 0.98 0.98 0.98 0.98 0.98 0.98 0.98 0.98 0.98 0.98 0.98 0.98 0.98 0.98 0.98 0.98 0.98 0.98 0.98 0.98
HFO_PP 0.8 0.8 0.8 0.8 0.8 0.8 0.8 0.8 0.8 0.8 0.8 0.8 0.8 0.8 0.8 0.8 0.8 0.8 0.8 0.8 0.8 0.8 0.8 0.8 0.8 0.8 0.8 0.8 0.8 0.8 0.8 0.8 0.8 0.8 0.8 0.8
HYDRO_PP 0.98 0.98 0.98 0.98 0.98 0.98 0.98 0.98 0.98 0.98 0.98 0.98 0.98 0.98 0.98 0.98 0.98 0.98 0.98 0.98 0.98 0.98 0.98 0.98 0.98 0.98 0.98 0.98 0.98 0.98 0.98 0.98 0.98 0.98 0.98 0.98
WIND_PP 0.98 0.98 0.98 0.98 0.98 0.98 0.98 0.98 0.98 0.98 0.98 0.98 0.98 0.98 0.98 0.98 0.98 0.98 0.98 0.98 0.98 0.98 0.98 0.98 0.98 0.98 0.98 0.98 0.98 0.98 0.98 0.98 0.98 0.98 0.98 0.98
;

param CapacityFactor default 1 :=
[SIERRALEONE,DIS_SOLPV,*,*]:
2015 2016 2017 2018 2019 2020 2021 2022 2023 2024 2025 2026 2027 2028 2029 2030 2031 2032 2033 2034 2035 2036 2037 2038 2039 2040 2041 2042 2043 2044 2045 2046 2047 2048 2049 2050:=
S1D1 0 0 0 0 0 0 0 0 0 0 0 0 0 0 0 0 0 0 0 0 0 0 0 0 0 0 0 0 0 0 0 0 0 0 0 0
S1D2 0.399104756 0.399104756 0.399104756 0.399104756 0.399104756 0.399104756 0.399104756 0.399104756 0.399104756 0.399104756 0.399104756 0.399104756 0.399104756 0.399104756 0.399104756 0.399104756 0.399104756 0.399104756 0.399104756 0.399104756 0.399104756 0.399104756 0.399104756 0.399104756 0.399104756 0.399104756 0.399104756 0.399104756 0.399104756 0.399104756 0.399104756 0.399104756 0.399104756 0.399104756 0.399104756 0.399104756
S1D3 0.001710817 0.001710817 0.001710817 0.001710817 0.001710817 0.001710817 0.001710817 0.001710817 0.001710817 0.001710817 0.001710817 0.001710817 0.001710817 0.001710817 0.001710817 0.001710817 0.001710817 0.001710817 0.001710817 0.001710817 0.001710817 0.001710817 0.001710817 0.001710817 0.001710817 0.001710817 0.001710817 0.001710817 0.001710817 0.001710817 0.001710817 0.001710817 0.001710817 0.001710817 0.001710817 0.001710817
S2D1 0 0 0 0 0 0 0 0 0 0 0 0 0 0 0 0 0 0 0 0 0 0 0 0 0 0 0 0 0 0 0 0 0 0 0 0
S2D2 0.283750637 0.283750637 0.283750637 0.283750637 0.283750637 0.283750637 0.283750637 0.283750637 0.283750637 0.283750637 0.283750637 0.283750637 0.283750637 0.283750637 0.283750637 0.283750637 0.283750637 0.283750637 0.283750637 0.283750637 0.283750637 0.283750637 0.283750637 0.283750637 0.283750637 0.283750637 0.283750637 0.283750637 0.283750637 0.283750637 0.283750637 0.283750637 0.283750637 0.283750637 0.283750637 0.283750637
S2D3 0.002613707 0.002613707 0.002613707 0.002613707 0.002613707 0.002613707 0.002613707 0.002613707 0.002613707 0.002613707 0.002613707 0.002613707 0.002613707 0.002613707 0.002613707 0.002613707 0.002613707 0.002613707 0.002613707 0.002613707 0.002613707 0.002613707 0.002613707 0.002613707 0.002613707 0.002613707 0.002613707 0.002613707 0.002613707 0.002613707 0.002613707 0.002613707 0.002613707 0.002613707 0.002613707 0.002613707
[SIERRALEONE,HDRO_DAM_PP,*,*]:
2015 2016 2017 2018 2019 2020 2021 2022 2023 2024 2025 2026 2027 2028 2029 2030 2031 2032 2033 2034 2035 2036 2037 2038 2039 2040 2041 2042 2043 2044 2045 2046 2047 2048 2049 2050:=
S1D1 0.381580812 0.381580812 0.381580812 0.381580812 0.381580812 0.381580812 0.381580812 0.381580812 0.381580812 0.381580812 0.381580812 0.381580812 0.381580812 0.381580812 0.381580812 0.381580812 0.381580812 0.381580812 0.381580812 0.381580812 0.381580812 0.381580812 0.381580812 0.381580812 0.381580812 0.381580812 0.381580812 0.381580812 0.381580812 0.381580812 0.381580812 0.381580812 0.381580812 0.381580812 0.381580812 0.381580812
S1D2 0.381580812 0.381580812 0.381580812 0.381580812 0.381580812 0.381580812 0.381580812 0.381580812 0.381580812 0.381580812 0.381580812 0.381580812 0.381580812 0.381580812 0.381580812 0.381580812 0.381580812 0.381580812 0.381580812 0.381580812 0.381580812 0.381580812 0.381580812 0.381580812 0.381580812 0.381580812 0.381580812 0.381580812 0.381580812 0.381580812 0.381580812 0.381580812 0.381580812 0.381580812 0.381580812 0.381580812
S1D3 0.381580812 0.381580812 0.381580812 0.381580812 0.381580812 0.381580812 0.381580812 0.381580812 0.381580812 0.381580812 0.381580812 0.381580812 0.381580812 0.381580812 0.381580812 0.381580812 0.381580812 0.381580812 0.381580812 0.381580812 0.381580812 0.381580812 0.381580812 0.381580812 0.381580812 0.381580812 0.381580812 0.381580812 0.381580812 0.381580812 0.381580812 0.381580812 0.381580812 0.381580812 0.381580812 0.381580812
S2D1 0.473734118 0.473734118 0.473734118 0.473734118 0.473734118 0.473734118 0.473734118 0.473734118 0.473734118 0.473734118 0.473734118 0.473734118 0.473734118 0.473734118 0.473734118 0.473734118 0.473734118 0.473734118 0.473734118 0.473734118 0.473734118 0.473734118 0.473734118 0.473734118 0.473734118 0.473734118 0.473734118 0.473734118 0.473734118 0.473734118 0.473734118 0.473734118 0.473734118 0.473734118 0.473734118 0.473734118
S2D2 0.473734118 0.473734118 0.473734118 0.473734118 0.473734118 0.473734118 0.473734118 0.473734118 0.473734118 0.473734118 0.473734118 0.473734118 0.473734118 0.473734118 0.473734118 0.473734118 0.473734118 0.473734118 0.473734118 0.473734118 0.473734118 0.473734118 0.473734118 0.473734118 0.473734118 0.473734118 0.473734118 0.473734118 0.473734118 0.473734118 0.473734118 0.473734118 0.473734118 0.473734118 0.473734118 0.473734118
S2D3 0.473734118 0.473734118 0.473734118 0.473734118 0.473734118 0.473734118 0.473734118 0.473734118 0.473734118 0.473734118 0.473734118 0.473734118 0.473734118 0.473734118 0.473734118 0.473734118 0.473734118 0.473734118 0.473734118 0.473734118 0.473734118 0.473734118 0.473734118 0.473734118 0.473734118 0.473734118 0.473734118 0.473734118 0.473734118 0.473734118 0.473734118 0.473734118 0.473734118 0.473734118 0.473734118 0.473734118
[SIERRALEONE,HYDRO_PP,*,*]:
2015 2016 2017 2018 2019 2020 2021 2022 2023 2024 2025 2026 2027 2028 2029 2030 2031 2032 2033 2034 2035 2036 2037 2038 2039 2040 2041 2042 2043 2044 2045 2046 2047 2048 2049 2050:=
S1D1 0.381580812 0.381580812 0.381580812 0.381580812 0.381580812 0.381580812 0.381580812 0.381580812 0.381580812 0.381580812 0.381580812 0.381580812 0.381580812 0.381580812 0.381580812 0.381580812 0.381580812 0.381580812 0.381580812 0.381580812 0.381580812 0.381580812 0.381580812 0.381580812 0.381580812 0.381580812 0.381580812 0.381580812 0.381580812 0.381580812 0.381580812 0.381580812 0.381580812 0.381580812 0.381580812 0.381580812
S1D2 0.381580812 0.381580812 0.381580812 0.381580812 0.381580812 0.381580812 0.381580812 0.381580812 0.381580812 0.381580812 0.381580812 0.381580812 0.381580812 0.381580812 0.381580812 0.381580812 0.381580812 0.381580812 0.381580812 0.381580812 0.381580812 0.381580812 0.381580812 0.381580812 0.381580812 0.381580812 0.381580812 0.381580812 0.381580812 0.381580812 0.381580812 0.381580812 0.381580812 0.381580812 0.381580812 0.381580812
S1D3 0.381580812 0.381580812 0.381580812 0.381580812 0.381580812 0.381580812 0.381580812 0.381580812 0.381580812 0.381580812 0.381580812 0.381580812 0.381580812 0.381580812 0.381580812 0.381580812 0.381580812 0.381580812 0.381580812 0.381580812 0.381580812 0.381580812 0.381580812 0.381580812 0.381580812 0.381580812 0.381580812 0.381580812 0.381580812 0.381580812 0.381580812 0.381580812 0.381580812 0.381580812 0.381580812 0.381580812
S2D1 0.473734118 0.473734118 0.473734118 0.473734118 0.473734118 0.473734118 0.473734118 0.473734118 0.473734118 0.473734118 0.473734118 0.473734118 0.473734118 0.473734118 0.473734118 0.473734118 0.473734118 0.473734118 0.473734118 0.473734118 0.473734118 0.473734118 0.473734118 0.473734118 0.473734118 0.473734118 0.473734118 0.473734118 0.473734118 0.473734118 0.473734118 0.473734118 0.473734118 0.473734118 0.473734118 0.473734118
S2D2 0.473734118 0.473734118 0.473734118 0.473734118 0.473734118 0.473734118 0.473734118 0.473734118 0.473734118 0.473734118 0.473734118 0.473734118 0.473734118 0.473734118 0.473734118 0.473734118 0.473734118 0.473734118 0.473734118 0.473734118 0.473734118 0.473734118 0.473734118 0.473734118 0.473734118 0.473734118 0.473734118 0.473734118 0.473734118 0.473734118 0.473734118 0.473734118 0.473734118 0.473734118 0.473734118 0.473734118
S2D3 0.473734118 0.473734118 0.473734118 0.473734118 0.473734118 0.473734118 0.473734118 0.473734118 0.473734118 0.473734118 0.473734118 0.473734118 0.473734118 0.473734118 0.473734118 0.473734118 0.473734118 0.473734118 0.473734118 0.473734118 0.473734118 0.473734118 0.473734118 0.473734118 0.473734118 0.473734118 0.473734118 0.473734118 0.473734118 0.473734118 0.473734118 0.473734118 0.473734118 0.473734118 0.473734118 0.473734118
[SIERRALEONE,RIVER,*,*]:
2015 2016 2017 2018 2019 2020 2021 2022 2023 2024 2025 2026 2027 2028 2029 2030 2031 2032 2033 2034 2035 2036 2037 2038 2039 2040 2041 2042 2043 2044 2045 2046 2047 2048 2049 2050:=
S1D1 0.381580812 0.381580812 0.381580812 0.381580812 0.381580812 0.381580812 0.381580812 0.381580812 0.381580812 0.381580812 0.381580812 0.381580812 0.381580812 0.381580812 0.381580812 0.381580812 0.381580812 0.381580812 0.381580812 0.381580812 0.381580812 0.381580812 0.381580812 0.381580812 0.381580812 0.381580812 0.381580812 0.381580812 0.381580812 0.381580812 0.381580812 0.381580812 0.381580812 0.381580812 0.381580812 0.381580812
S1D2 0.381580812 0.381580812 0.381580812 0.381580812 0.381580812 0.381580812 0.381580812 0.381580812 0.381580812 0.381580812 0.381580812 0.381580812 0.381580812 0.381580812 0.381580812 0.381580812 0.381580812 0.381580812 0.381580812 0.381580812 0.381580812 0.381580812 0.381580812 0.381580812 0.381580812 0.381580812 0.381580812 0.381580812 0.381580812 0.381580812 0.381580812 0.381580812 0.381580812 0.381580812 0.381580812 0.381580812
S1D3 0.381580812 0.381580812 0.381580812 0.381580812 0.381580812 0.381580812 0.381580812 0.381580812 0.381580812 0.381580812 0.381580812 0.381580812 0.381580812 0.381580812 0.381580812 0.381580812 0.381580812 0.381580812 0.381580812 0.381580812 0.381580812 0.381580812 0.381580812 0.381580812 0.381580812 0.381580812 0.381580812 0.381580812 0.381580812 0.381580812 0.381580812 0.381580812 0.381580812 0.381580812 0.381580812 0.381580812
S2D1 0.473734118 0.473734118 0.473734118 0.473734118 0.473734118 0.473734118 0.473734118 0.473734118 0.473734118 0.473734118 0.473734118 0.473734118 0.473734118 0.473734118 0.473734118 0.473734118 0.473734118 0.473734118 0.473734118 0.473734118 0.473734118 0.473734118 0.473734118 0.473734118 0.473734118 0.473734118 0.473734118 0.473734118 0.473734118 0.473734118 0.473734118 0.473734118 0.473734118 0.473734118 0.473734118 0.473734118
S2D2 0.473734118 0.473734118 0.473734118 0.473734118 0.473734118 0.473734118 0.473734118 0.473734118 0.473734118 0.473734118 0.473734118 0.473734118 0.473734118 0.473734118 0.473734118 0.473734118 0.473734118 0.473734118 0.473734118 0.473734118 0.473734118 0.473734118 0.473734118 0.473734118 0.473734118 0.473734118 0.473734118 0.473734118 0.473734118 0.473734118 0.473734118 0.473734118 0.473734118 0.473734118 0.473734118 0.473734118
S2D3 0.473734118 0.473734118 0.473734118 0.473734118 0.473734118 0.473734118 0.473734118 0.473734118 0.473734118 0.473734118 0.473734118 0.473734118 0.473734118 0.473734118 0.473734118 0.473734118 0.473734118 0.473734118 0.473734118 0.473734118 0.473734118 0.473734118 0.473734118 0.473734118 0.473734118 0.473734118 0.473734118 0.473734118 0.473734118 0.473734118 0.473734118 0.473734118 0.473734118 0.473734118 0.473734118 0.473734118
[SIERRALEONE,SOLPV_PP,*,*]:
2015 2016 2017 2018 2019 2020 2021 2022 2023 2024 2025 2026 2027 2028 2029 2030 2031 2032 2033 2034 2035 2036 2037 2038 2039 2040 2041 2042 2043 2044 2045 2046 2047 2048 2049 2050:=
S1D1 0 0 0 0 0 0 0 0 0 0 0 0 0 0 0 0 0 0 0 0 0 0 0 0 0 0 0 0 0 0 0 0 0 0 0 0
S1D2 0.399104756 0.399104756 0.399104756 0.399104756 0.399104756 0.399104756 0.399104756 0.399104756 0.399104756 0.399104756 0.399104756 0.399104756 0.399104756 0.399104756 0.399104756 0.399104756 0.399104756 0.399104756 0.399104756 0.399104756 0.399104756 0.399104756 0.399104756 0.399104756 0.399104756 0.399104756 0.399104756 0.399104756 0.399104756 0.399104756 0.399104756 0.399104756 0.399104756 0.399104756 0.399104756 0.399104756
S1D3 0.001710817 0.001710817 0.001710817 0.001710817 0.001710817 0.001710817 0.001710817 0.001710817 0.001710817 0.001710817 0.001710817 0.001710817 0.001710817 0.001710817 0.001710817 0.001710817 0.001710817 0.001710817 0.001710817 0.001710817 0.001710817 0.001710817 0.001710817 0.001710817 0.001710817 0.001710817 0.001710817 0.001710817 0.001710817 0.001710817 0.001710817 0.001710817 0.001710817 0.001710817 0.001710817 0.001710817
S2D1 0 0 0 0 0 0 0 0 0 0 0 0 0 0 0 0 0 0 0 0 0 0 0 0 0 0 0 0 0 0 0 0 0 0 0 0
S2D2 0.283750637 0.283750637 0.283750637 0.283750637 0.283750637 0.283750637 0.283750637 0.283750637 0.283750637 0.283750637 0.283750637 0.283750637 0.283750637 0.283750637 0.283750637 0.283750637 0.283750637 0.283750637 0.283750637 0.283750637 0.283750637 0.283750637 0.283750637 0.283750637 0.283750637 0.283750637 0.283750637 0.283750637 0.283750637 0.283750637 0.283750637 0.283750637 0.283750637 0.283750637 0.283750637 0.283750637
S2D3 0.002613707 0.002613707 0.002613707 0.002613707 0.002613707 0.002613707 0.002613707 0.002613707 0.002613707 0.002613707 0.002613707 0.002613707 0.002613707 0.002613707 0.002613707 0.002613707 0.002613707 0.002613707 0.002613707 0.002613707 0.002613707 0.002613707 0.002613707 0.002613707 0.002613707 0.002613707 0.002613707 0.002613707 0.002613707 0.002613707 0.002613707 0.002613707 0.002613707 0.002613707 0.002613707 0.002613707
[SIERRALEONE,WIND_PP,*,*]:
2015 2016 2017 2018 2019 2020 2021 2022 2023 2024 2025 2026 2027 2028 2029 2030 2031 2032 2033 2034 2035 2036 2037 2038 2039 2040 2041 2042 2043 2044 2045 2046 2047 2048 2049 2050:=
S1D1 0.116065279 0.116065279 0.116065279 0.116065279 0.116065279 0.116065279 0.116065279 0.116065279 0.116065279 0.116065279 0.116065279 0.116065279 0.116065279 0.116065279 0.116065279 0.116065279 0.116065279 0.116065279 0.116065279 0.116065279 0.116065279 0.116065279 0.116065279 0.116065279 0.116065279 0.116065279 0.116065279 0.116065279 0.116065279 0.116065279 0.116065279 0.116065279 0.116065279 0.116065279 0.116065279 0.116065279
S1D2 0.098028296 0.098028296 0.098028296 0.098028296 0.098028296 0.098028296 0.098028296 0.098028296 0.098028296 0.098028296 0.098028296 0.098028296 0.098028296 0.098028296 0.098028296 0.098028296 0.098028296 0.098028296 0.098028296 0.098028296 0.098028296 0.098028296 0.098028296 0.098028296 0.098028296 0.098028296 0.098028296 0.098028296 0.098028296 0.098028296 0.098028296 0.098028296 0.098028296 0.098028296 0.098028296 0.098028296
S1D3 0.165705298 0.165705298 0.165705298 0.165705298 0.165705298 0.165705298 0.165705298 0.165705298 0.165705298 0.165705298 0.165705298 0.165705298 0.165705298 0.165705298 0.165705298 0.165705298 0.165705298 0.165705298 0.165705298 0.165705298 0.165705298 0.165705298 0.165705298 0.165705298 0.165705298 0.165705298 0.165705298 0.165705298 0.165705298 0.165705298 0.165705298 0.165705298 0.165705298 0.165705298 0.165705298 0.165705298
S2D1 0.087735648 0.087735648 0.087735648 0.087735648 0.087735648 0.087735648 0.087735648 0.087735648 0.087735648 0.087735648 0.087735648 0.087735648 0.087735648 0.087735648 0.087735648 0.087735648 0.087735648 0.087735648 0.087735648 0.087735648 0.087735648 0.087735648 0.087735648 0.087735648 0.087735648 0.087735648 0.087735648 0.087735648 0.087735648 0.087735648 0.087735648 0.087735648 0.087735648 0.087735648 0.087735648 0.087735648
S2D2 0.077190314 0.077190314 0.077190314 0.077190314 0.077190314 0.077190314 0.077190314 0.077190314 0.077190314 0.077190314 0.077190314 0.077190314 0.077190314 0.077190314 0.077190314 0.077190314 0.077190314 0.077190314 0.077190314 0.077190314 0.077190314 0.077190314 0.077190314 0.077190314 0.077190314 0.077190314 0.077190314 0.077190314 0.077190314 0.077190314 0.077190314 0.077190314 0.077190314 0.077190314 0.077190314 0.077190314
S2D3 0.147003894 0.147003894 0.147003894 0.147003894 0.147003894 0.147003894 0.147003894 0.147003894 0.147003894 0.147003894 0.147003894 0.147003894 0.147003894 0.147003894 0.147003894 0.147003894 0.147003894 0.147003894 0.147003894 0.147003894 0.147003894 0.147003894 0.147003894 0.147003894 0.147003894 0.147003894 0.147003894 0.147003894 0.147003894 0.147003894 0.147003894 0.147003894 0.147003894 0.147003894 0.147003894 0.147003894
;

param CapacityOfOneTechnologyUnit default 0 :=
;

param CapacityToActivityUnit default 1 :
Backstop1 BIOGAS_PP COAL_PP DIESEL_PP DIS_SOLPV GAS_PP HDRO_DAM_PP HFO_PP HYDRO_PP IMP_COAL IMP_DIESEL IMP_ELEC IMP_GAS IMP_HFO PROD_BIOGAS RIVER SOLPV_PP TD WIND_PP:=
SIERRALEONE 1 31.536 31.536 31.536 31.536 31.536 31.536 31.536 31.536 1 1 1 1 1 1 1 31.536 31.536 31.536
;

param CapitalCost default 0.0001 :=
[SIERRALEONE,*,*]:
2015 2016 2017 2018 2019 2020 2021 2022 2023 2024 2025 2026 2027 2028 2029 2030 2031 2032 2033 2034 2035 2036 2037 2038 2039 2040 2041 2042 2043 2044 2045 2046 2047 2048 2049 2050:=
Backstop1 999999 999999 999999 999999 999999 999999 999999 999999 999999 999999 999999 999999 999999 999999 999999 999999 999999 999999 999999 999999 999999 999999 999999 999999 999999 999999 999999 999999 999999 999999 999999 999999 999999 999999 999999 999999
BIOGAS_PP 2150 2150 2150 2150 2150 2150 2145 2140 2135 2130 2125 2120 2115 2105 2100 2100 2095 2090 2085 2080 2075 2070 2065 2060 2055 2050 2045 2040 2035 2030 2025 2020 2015 2010 2005 2000
COAL_PP 1300 1300 1300 1300 1300 1300 1300 1300 1300 1300 1300 1300 1300 1300 1300 1300 1300 1300 1300 1300 1300 1300 1300 1300 1300 1300 1300 1300 1300 1300 1300 1300 1300 1300 1300 1300
DIESEL_PP 1163 1163 1163 1163 1163 1163 1163 1163 1163 1163 1163 1163 1163 1163 1163 1163 1163 1163 1163 1163 1163 1163 1163 1163 1163 1163 1163 1163 1163 1163 1163 1163 1163 1163 1163 1163
DIS_SOLPV 2840 2684 2528 2372 2216 2060 2018 1976 1934 1892 1850 1808 1766 1724 1682 1640 1620 1600 1580 1560 1540 1520 1500 1480 1460 1440 1430 1420 1410 1400 1390 1380 1370 1360 1350 1340
GAS_PP 400 400 400 400 400 400 400 400 400 400 400 400 400 400 400 400 400 400 400 400 400 400 400 400 400 400 400 400 400 400 400 400 400 400 400 400
HDRO_DAM_PP 2100 2100 2100 2100 2100 2100 2100 2100 2100 2100 2100 2100 2100 2100 2100 2100 2100 2100 2100 2100 2100 2100 2100 2100 2100 2100 2100 2100 2100 2100 2100 2100 2100 2100 2100 2100
HFO_PP 1467.45 1467.45 1467.45 1467.45 1467.45 1467.45 1467.45 1467.45 1467.45 1467.45 1467.45 1467.45 1467.45 1467.45 1467.45 1467.45 1467.45 1467.45 1467.45 1467.45 1467.45 1467.45 1467.45 1467.45 1467.45 1467.45 1467.45 1467.45 1467.45 1467.45 1467.45 1467.45 1467.45 1467.45 1467.45 1467.45
HYDRO_PP 3300 3300 3300 3300 3300 3300 3300 3300 3300 3300 3300 3300 3300 3300 3300 3300 3300 3300 3300 3300 3300 3300 3300 3300 3300 3300 3300 3300 3300 3300 3300 3300 3300 3300 3300 3300
SOLPV_PP 2400 2272 2144 2016 1988 1760 1724 1688 1652 1616 1580 1544 1508 1472 1436 1400 1364 1348 1332 1316 1300 1284 1268 1252 1236 1240 1226 1212 1198 1184 1170 1156 1142 1128 1114 1100
TD 313.3333333 313.3333333 313.3333333 313.3333333 313.3333333 313.3333333 313.3333333 313.3333333 313.3333333 313.3333333 313.3333333 313.3333333 313.3333333 313.3333333 313.3333333 313.3333333 313.3333333 313.3333333 313.3333333 313.3333333 313.3333333 313.3333333 313.3333333 313.3333333 313.3333333 313.3333333 313.3333333 313.3333333 313.3333333 313.3333333 313.3333333 313.3333333 313.3333333 313.3333333 313.3333333 313.3333333
WIND_PP 0 0 0 0 1832 1820 1814 1808 1802 1796 1790 1784 1778 1772 1766 1760 1756 1752 1748 1744 1740 1736 1732 1728 1724 1720 1716 1712 1708 1704 1700 1696 1692 1688 1684 1680
;

param CapitalCostStorage default 0 :=
;

param Conversionld default 0 :
1:=
S1D1 1
S1D2 1
S1D3 1
S2D1 1
S2D2 1
S2D3 1
;

param Conversionlh default 0 :
1 2 3:=
S1D1 1 0 0
S1D2 0 1 0
S1D3 0 0 1
S2D1 1 0 0
S2D2 0 1 0
S2D3 0 0 1
;

param Conversionls default 0 :
1 2:=
S2D1 0 1
S2D2 0 1
S2D3 0 1
;

param DaySplit default 0.00137 :=
;

param DaysInDayType default 7 :=
;

param DepreciationMethod default 1 :=
;

param DiscountRate default 0.05 :=
SIERRALEONE 0.1
;

param EmissionActivityRatio default 0 :=
[SIERRALEONE,COAL_PP,CO2,*,*]:
2015 2016 2017 2018 2019 2020 2021 2022 2023 2024 2025 2026 2027 2028 2029 2030 2031 2032 2033 2034 2035 2036 2037 2038 2039 2040 2041 2042 2043 2044 2045 2046 2047 2048 2049 2050:=
1 0.090535492 0.090535492 0.090535492 0.090535492 0.090535492 0.090535492 0.090535492 0.090535492 0.090535492 0.090535492 0.090535492 0.090535492 0.090535492 0.090535492 0.090535492 0.090535492 0.090535492 0.090535492 0.090535492 0.090535492 0.090535492 0.090535492 0.090535492 0.090535492 0.090535492 0.090535492 0.090535492 0.090535492 0.090535492 0.090535492 0.090535492 0.090535492 0.090535492 0.090535492 0.090535492 0.090535492
[SIERRALEONE,DIESEL_PP,CO2,*,*]:
2015 2016 2017 2018 2019 2020 2021 2022 2023 2024 2025 2026 2027 2028 2029 2030 2031 2032 2033 2034 2035 2036 2037 2038 2039 2040 2041 2042 2043 2044 2045 2046 2047 2048 2049 2050:=
1 0.069346518 0.069346518 0.069346518 0.069346518 0.069346518 0.069346518 0.069346518 0.069346518 0.069346518 0.069346518 0.069346518 0.069346518 0.069346518 0.069346518 0.069346518 0.069346518 0.069346518 0.069346518 0.069346518 0.069346518 0.069346518 0.069346518 0.069346518 0.069346518 0.069346518 0.069346518 0.069346518 0.069346518 0.069346518 0.069346518 0.069346518 0.069346518 0.069346518 0.069346518 0.069346518 0.069346518
[SIERRALEONE,GAS_PP,CO2,*,*]:
2015 2016 2017 2018 2019 2020 2021 2022 2023 2024 2025 2026 2027 2028 2029 2030 2031 2032 2033 2034 2035 2036 2037 2038 2039 2040 2041 2042 2043 2044 2045 2046 2047 2048 2049 2050:=
1 0.050291177 0.050291177 0.050291177 0.050291177 0.050291177 0.050291177 0.050291177 0.050291177 0.050291177 0.050291177 0.050291177 0.050291177 0.050291177 0.050291177 0.050291177 0.050291177 0.050291177 0.050291177 0.050291177 0.050291177 0.050291177 0.050291177 0.050291177 0.050291177 0.050291177 0.050291177 0.050291177 0.050291177 0.050291177 0.050291177 0.050291177 0.050291177 0.050291177 0.050291177 0.050291177 0.050291177
[SIERRALEONE,HFO_PP,CO2,*,*]:
2015 2016 2017 2018 2019 2020 2021 2022 2023 2024 2025 2026 2027 2028 2029 2030 2031 2032 2033 2034 2035 2036 2037 2038 2039 2040 2041 2042 2043 2044 2045 2046 2047 2048 2049 2050:=
1 0.070077807 0.070077807 0.070077807 0.070077807 0.070077807 0.070077807 0.070077807 0.070077807 0.070077807 0.070077807 0.070077807 0.070077807 0.070077807 0.070077807 0.070077807 0.070077807 0.070077807 0.070077807 0.070077807 0.070077807 0.070077807 0.070077807 0.070077807 0.070077807 0.070077807 0.070077807 0.070077807 0.070077807 0.070077807 0.070077807 0.070077807 0.070077807 0.070077807 0.070077807 0.070077807 0.070077807
;

param EmissionsPenalty default 0 :=
;

param FixedCost default 0 :=
[SIERRALEONE,*,*]:
2015 2016 2017 2018 2019 2020 2021 2022 2023 2024 2025 2026 2027 2028 2029 2030 2031 2032 2033 2034 2035 2036 2037 2038 2039 2040 2041 2042 2043 2044 2045 2046 2047 2048 2049 2050:=
BIOGAS_PP 75 75 75 75 75 75 75 75 75 75 75 75 75 75 75 75 75 75 75 75 75 75 75 75 75 75 75 75 75 75 75 75 75 75 75 75
COAL_PP 45 45 45 45 45 45 45 45 45 45 45 45 45 45 45 45 45 45 45 45 45 45 45 45 45 45 45 45 45 45 45 45 45 45 45 45
DIESEL_PP 36.8 36.8 36.8 36.8 36.8 36.8 36.8 36.8 36.8 36.8 36.8 36.8 36.8 36.8 36.8 36.8 36.8 36.8 36.8 36.8 36.8 36.8 36.8 36.8 36.8 36.8 36.8 36.8 36.8 36.8 36.8 36.8 36.8 36.8 36.8 36.8
DIS_SOLPV 28 27.6 27.2 26.8 26.4 26 26 26 26 26 26 26 26 26 26 26 26 26 26 26 26 26 26 26 26 26 26 26 26 26 26 26 26 26 26 26
GAS_PP 20 20 20 20 20 20 20 20 20 20 20 20 20 20 20 20 20 20 20 20 20 20 20 20 20 20 20 20 20 20 20 20 20 20 20 20
HDRO_DAM_PP 55 55 55 55 55 55 55 55 55 55 55 55 55 55 55 55 55 55 55 55 55 55 55 55 55 55 55 55 55 55 55 55 55 55 55 55
HFO_PP 44.02 44.02 44.02 44.02 44.02 44.02 44.02 44.02 44.02 44.02 44.02 44.02 44.02 44.02 44.02 44.02 44.02 44.02 44.02 44.02 44.02 44.02 44.02 44.02 44.02 44.02 44.02 44.02 44.02 44.02 44.02 44.02 44.02 44.02 44.02 44.02
HYDRO_PP 65 65 65 65 65 65 65 65 65 65 65 65 65 65 65 65 65 65 65 65 65 65 65 65 65 65 65 65 65 65 65 65 65 65 65 65
SOLPV_PP 24 23.6 23.2 22.8 22.4 22 22 22 22 22 22 22 22 22 22 22 22 22 22 22 22 22 22 22 22 22 22 22 22 22 22 22 22 22 22 22
TD 0.96 0.96 0.96 0.96 0.96 0.96 0.96 0.96 0.96 0.96 0.96 0.96 0.96 0.96 0.96 0.96 0.96 0.96 0.96 0.96 0.96 0.96 0.96 0.96 0.96 0.96 0.96 0.96 0.96 0.96 0.96 0.96 0.96 0.96 0.96 0.96
WIND_PP 0 0 0 0 46.2 46 45.8 45.6 45.4 45.2 45 44.8 44.6 44.4 44.2 44 44 44 44 44 44 44 44 44 44 44 44 44 44 44 44 44 44 44 44 44
;

param InputActivityRatio default 0 :=
[SIERRALEONE,BIOGAS_PP,Biogas,*,*]:
2015 2016 2017 2018 2019 2020 2021 2022 2023 2024 2025 2026 2027 2028 2029 2030 2031 2032 2033 2034 2035 2036 2037 2038 2039 2040 2041 2042 2043 2044 2045 2046 2047 2048 2049 2050:=
1 2.857142857 2.857142857 2.857142857 2.857142857 2.857142857 2.857142857 2.857142857 2.857142857 2.857142857 2.857142857 2.857142857 2.857142857 2.857142857 2.857142857 2.857142857 2.857142857 2.857142857 2.857142857 2.857142857 2.857142857 2.857142857 2.857142857 2.857142857 2.857142857 2.857142857 2.857142857 2.857142857 2.857142857 2.857142857 2.857142857 2.857142857 2.857142857 2.857142857 2.857142857 2.857142857 2.857142857
[SIERRALEONE,COAL_PP,Coal,*,*]:
2015 2016 2017 2018 2019 2020 2021 2022 2023 2024 2025 2026 2027 2028 2029 2030 2031 2032 2033 2034 2035 2036 2037 2038 2039 2040 2041 2042 2043 2044 2045 2046 2047 2048 2049 2050:=
1 2.857142857 2.857142857 2.857142857 2.857142857 2.857142857 2.857142857 2.857142857 2.857142857 2.857142857 2.857142857 2.857142857 2.857142857 2.857142857 2.857142857 2.857142857 2.857142857 2.857142857 2.857142857 2.857142857 2.857142857 2.857142857 2.857142857 2.857142857 2.857142857 2.857142857 2.857142857 2.857142857 2.857142857 2.857142857 2.857142857 2.857142857 2.857142857 2.857142857 2.857142857 2.857142857 2.857142857
[SIERRALEONE,DIESEL_PP,Diesel,*,*]:
2015 2016 2017 2018 2019 2020 2021 2022 2023 2024 2025 2026 2027 2028 2029 2030 2031 2032 2033 2034 2035 2036 2037 2038 2039 2040 2041 2042 2043 2044 2045 2046 2047 2048 2049 2050:=
1 2.857142857 2.857142857 2.857142857 2.857142857 2.857142857 2.857142857 2.857142857 2.857142857 2.857142857 2.857142857 2.857142857 2.857142857 2.857142857 2.857142857 2.857142857 2.857142857 2.857142857 2.857142857 2.857142857 2.857142857 2.857142857 2.857142857 2.857142857 2.857142857 2.857142857 2.857142857 2.857142857 2.857142857 2.857142857 2.857142857 2.857142857 2.857142857 2.857142857 2.857142857 2.857142857 2.857142857
[SIERRALEONE,GAS_PP,GAS,*,*]:
2015 2016 2017 2018 2019 2020 2021 2022 2023 2024 2025 2026 2027 2028 2029 2030 2031 2032 2033 2034 2035 2036 2037 2038 2039 2040 2041 2042 2043 2044 2045 2046 2047 2048 2049 2050:=
1 2.631578947 2.631578947 2.631578947 2.631578947 2.631578947 2.631578947 2.624671916 2.617801047 2.610966057 2.604166667 2.597402597 2.590673575 2.583979328 2.577319588 2.570694087 2.564102564 2.551020408 2.538071066 2.525252525 2.512562814 2.5 2.487562189 2.475247525 2.463054187 2.450980392 2.43902439 2.433090024 2.427184466 2.421307506 2.415458937 2.409638554 2.403846154 2.398081535 2.392344498 2.386634845 2.380952381
[SIERRALEONE,HDRO_DAM_PP,WATER,*,*]:
2015 2016 2017 2018 2019 2020 2021 2022 2023 2024 2025 2026 2027 2028 2029 2030 2031 2032 2033 2034 2035 2036 2037 2038 2039 2040 2041 2042 2043 2044 2045 2046 2047 2048 2049 2050:=
1 1 1 1 1 1 1 1 1 1 1 1 1 1 1 1 1 1 1 1 1 1 1 1 1 1 1 1 1 1 1 1 1 1 1 1 1
[SIERRALEONE,HFO_PP,HFO,*,*]:
2015 2016 2017 2018 2019 2020 2021 2022 2023 2024 2025 2026 2027 2028 2029 2030 2031 2032 2033 2034 2035 2036 2037 2038 2039 2040 2041 2042 2043 2044 2045 2046 2047 2048 2049 2050:=
1 2.857142857 2.857142857 2.857142857 2.857142857 2.857142857 2.857142857 2.857142857 2.857142857 2.857142857 2.857142857 2.857142857 2.857142857 2.857142857 2.857142857 2.857142857 2.857142857 2.857142857 2.857142857 2.857142857 2.857142857 2.857142857 2.857142857 2.857142857 2.857142857 2.857142857 2.857142857 2.857142857 2.857142857 2.857142857 2.857142857 2.857142857 2.857142857 2.857142857 2.857142857 2.857142857 2.857142857
[SIERRALEONE,TD,SEC_EFL,*,*]:
2015 2016 2017 2018 2019 2020 2021 2022 2023 2024 2025 2026 2027 2028 2029 2030 2031 2032 2033 2034 2035 2036 2037 2038 2039 2040 2041 2042 2043 2044 2045 2046 2047 2048 2049 2050:=
1 1 1 1 1 1 1 1 1 1 1 1 1 1 1 1 1 1 1 1 1 1 1 1 1 1 1 1 1 1 1 1 1 1 1 1 1
;

param MinStorageCharge default 0 :=
;

param ModelPeriodEmissionLimit default 99999 :=
;

param ModelPeriodExogenousEmission default 0 :=
;

param OperationalLife default 1 :
Backstop1 BIOGAS_PP COAL_PP DIESEL_PP DIS_SOLPV GAS_PP HDRO_DAM_PP HFO_PP HYDRO_PP IMP_COAL IMP_DIESEL IMP_ELEC IMP_GAS IMP_HFO PROD_BIOGAS RIVER SOLPV_PP TD WIND_PP:=
SIERRALEONE 1 25 40 35 25 30 80 25 80 1 1 1 1 1 1 1 25 50 25
;

param OperationalLifeStorage default 1 :
RESERVIOUR:=
SIERRALEONE 80
;

param OutputActivityRatio default 0 :=
[SIERRALEONE,Backstop1,EL_final,*,*]:
2015 2016 2017 2018 2019 2020 2021 2022 2023 2024 2025 2026 2027 2028 2029 2030 2031 2032 2033 2034 2035 2036 2037 2038 2039 2040 2041 2042 2043 2044 2045 2046 2047 2048 2049 2050:=
1 1 1 1 1 1 1 1 1 1 1 1 1 1 1 1 1 1 1 1 1 1 1 1 1 1 1 1 1 1 1 1 1 1 1 1 1
[SIERRALEONE,BIOGAS_PP,SEC_EFL,*,*]:
2015 2016 2017 2018 2019 2020 2021 2022 2023 2024 2025 2026 2027 2028 2029 2030 2031 2032 2033 2034 2035 2036 2037 2038 2039 2040 2041 2042 2043 2044 2045 2046 2047 2048 2049 2050:=
1 1 1 1 1 1 1 1 1 1 1 1 1 1 1 1 1 1 1 1 1 1 1 1 1 1 1 1 1 1 1 1 1 1 1 1 1
[SIERRALEONE,COAL_PP,SEC_EFL,*,*]:
2015 2016 2017 2018 2019 2020 2021 2022 2023 2024 2025 2026 2027 2028 2029 2030 2031 2032 2033 2034 2035 2036 2037 2038 2039 2040 2041 2042 2043 2044 2045 2046 2047 2048 2049 2050:=
1 1 1 1 1 1 1 1 1 1 1 1 1 1 1 1 1 1 1 1 1 1 1 1 1 1 1 1 1 1 1 1 1 1 1 1 1
[SIERRALEONE,DIESEL_PP,SEC_EFL,*,*]:
2015 2016 2017 2018 2019 2020 2021 2022 2023 2024 2025 2026 2027 2028 2029 2030 2031 2032 2033 2034 2035 2036 2037 2038 2039 2040 2041 2042 2043 2044 2045 2046 2047 2048 2049 2050:=
1 1 1 1 1 1 1 1 1 1 1 1 1 1 1 1 1 1 1 1 1 1 1 1 1 1 1 1 1 1 1 1 1 1 1 1 1
[SIERRALEONE,DIS_SOLPV,EL_final,*,*]:
2015 2016 2017 2018 2019 2020 2021 2022 2023 2024 2025 2026 2027 2028 2029 2030 2031 2032 2033 2034 2035 2036 2037 2038 2039 2040 2041 2042 2043 2044 2045 2046 2047 2048 2049 2050:=
1 1 1 1 1 1 1 1 1 1 1 1 1 1 1 1 1 1 1 1 1 1 1 1 1 1 1 1 1 1 1 1 1 1 1 1 1
[SIERRALEONE,GAS_PP,SEC_EFL,*,*]:
2015 2016 2017 2018 2019 2020 2021 2022 2023 2024 2025 2026 2027 2028 2029 2030 2031 2032 2033 2034 2035 2036 2037 2038 2039 2040 2041 2042 2043 2044 2045 2046 2047 2048 2049 2050:=
1 1 1 1 1 1 1 1 1 1 1 1 1 1 1 1 1 1 1 1 1 1 1 1 1 1 1 1 1 1 1 1 1 1 1 1 1
[SIERRALEONE,HDRO_DAM_PP,SEC_EFL,*,*]:
2015 2016 2017 2018 2019 2020 2021 2022 2023 2024 2025 2026 2027 2028 2029 2030 2031 2032 2033 2034 2035 2036 2037 2038 2039 2040 2041 2042 2043 2044 2045 2046 2047 2048 2049 2050:=
2 1 1 1 1 1 1 1 1 1 1 1 1 1 1 1 1 1 1 1 1 1 1 1 1 1 1 1 1 1 1 1 1 1 1 1 1
[SIERRALEONE,HDRO_DAM_PP,STORED_ENERGY,*,*]:
2015 2016 2017 2018 2019 2020 2021 2022 2023 2024 2025 2026 2027 2028 2029 2030 2031 2032 2033 2034 2035 2036 2037 2038 2039 2040 2041 2042 2043 2044 2045 2046 2047 2048 2049 2050:=
1 1 1 1 1 1 1 1 1 1 1 1 1 1 1 1 1 1 1 1 1 1 1 1 1 1 1 1 1 1 1 1 1 1 1 1 1
[SIERRALEONE,HDRO_DAM_PP,WATER,*,*]:
2015 2016 2017 2018 2019 2020 2021 2022 2023 2024 2025 2026 2027 2028 2029 2030 2031 2032 2033 2034 2035 2036 2037 2038 2039 2040 2041 2042 2043 2044 2045 2046 2047 2048 2049 2050:=
2 1 1 1 1 1 1 1 1 1 1 1 1 1 1 1 1 1 1 1 1 1 1 1 1 1 1 1 1 1 1 1 1 1 1 1 1
[SIERRALEONE,HFO_PP,SEC_EFL,*,*]:
2015 2016 2017 2018 2019 2020 2021 2022 2023 2024 2025 2026 2027 2028 2029 2030 2031 2032 2033 2034 2035 2036 2037 2038 2039 2040 2041 2042 2043 2044 2045 2046 2047 2048 2049 2050:=
1 1 1 1 1 1 1 1 1 1 1 1 1 1 1 1 1 1 1 1 1 1 1 1 1 1 1 1 1 1 1 1 1 1 1 1 1
[SIERRALEONE,HYDRO_PP,SEC_EFL,*,*]:
2015 2016 2017 2018 2019 2020 2021 2022 2023 2024 2025 2026 2027 2028 2029 2030 2031 2032 2033 2034 2035 2036 2037 2038 2039 2040 2041 2042 2043 2044 2045 2046 2047 2048 2049 2050:=
1 1 1 1 1 1 1 1 1 1 1 1 1 1 1 1 1 1 1 1 1 1 1 1 1 1 1 1 1 1 1 1 1 1 1 1 1
[SIERRALEONE,HYDRO_PP,WATER,*,*]:
2015 2016 2017 2018 2019 2020 2021 2022 2023 2024 2025 2026 2027 2028 2029 2030 2031 2032 2033 2034 2035 2036 2037 2038 2039 2040 2041 2042 2043 2044 2045 2046 2047 2048 2049 2050:=
1 1 1 1 1 1 1 1 1 1 1 1 1 1 1 1 1 1 1 1 1 1 1 1 1 1 1 1 1 1 1 1 1 1 1 1 1
[SIERRALEONE,IMP_COAL,Coal,*,*]:
2015 2016 2017 2018 2019 2020 2021 2022 2023 2024 2025 2026 2027 2028 2029 2030 2031 2032 2033 2034 2035 2036 2037 2038 2039 2040 2041 2042 2043 2044 2045 2046 2047 2048 2049 2050:=
1 1 1 1 1 1 1 1 1 1 1 1 1 1 1 1 1 1 1 1 1 1 1 1 1 1 1 1 1 1 1 1 1 1 1 1 1
[SIERRALEONE,IMP_DIESEL,Diesel,*,*]:
2015 2016 2017 2018 2019 2020 2021 2022 2023 2024 2025 2026 2027 2028 2029 2030 2031 2032 2033 2034 2035 2036 2037 2038 2039 2040 2041 2042 2043 2044 2045 2046 2047 2048 2049 2050:=
1 1 1 1 1 1 1 1 1 1 1 1 1 1 1 1 1 1 1 1 1 1 1 1 1 1 1 1 1 1 1 1 1 1 1 1 1
[SIERRALEONE,IMP_GAS,GAS,*,*]:
2015 2016 2017 2018 2019 2020 2021 2022 2023 2024 2025 2026 2027 2028 2029 2030 2031 2032 2033 2034 2035 2036 2037 2038 2039 2040 2041 2042 2043 2044 2045 2046 2047 2048 2049 2050:=
1 1 1 1 1 1 1 1 1 1 1 1 1 1 1 1 1 1 1 1 1 1 1 1 1 1 1 1 1 1 1 1 1 1 1 1 1
[SIERRALEONE,IMP_HFO,HFO,*,*]:
2015 2016 2017 2018 2019 2020 2021 2022 2023 2024 2025 2026 2027 2028 2029 2030 2031 2032 2033 2034 2035 2036 2037 2038 2039 2040 2041 2042 2043 2044 2045 2046 2047 2048 2049 2050:=
1 1 1 1 1 1 1 1 1 1 1 1 1 1 1 1 1 1 1 1 1 1 1 1 1 1 1 1 1 1 1 1 1 1 1 1 1
[SIERRALEONE,PROD_BIOGAS,Biogas,*,*]:
2015 2016 2017 2018 2019 2020 2021 2022 2023 2024 2025 2026 2027 2028 2029 2030 2031 2032 2033 2034 2035 2036 2037 2038 2039 2040 2041 2042 2043 2044 2045 2046 2047 2048 2049 2050:=
1 1 1 1 1 1 1 1 1 1 1 1 1 1 1 1 1 1 1 1 1 1 1 1 1 1 1 1 1 1 1 1 1 1 1 1 1
[SIERRALEONE,RIVER,WATER,*,*]:
2015 2016 2017 2018 2019 2020 2021 2022 2023 2024 2025 2026 2027 2028 2029 2030 2031 2032 2033 2034 2035 2036 2037 2038 2039 2040 2041 2042 2043 2044 2045 2046 2047 2048 2049 2050:=
1 1 1 1 1 1 1 1 1 1 1 1 1 1 1 1 1 1 1 1 1 1 1 1 1 1 1 1 1 1 1 1 1 1 1 1 1
[SIERRALEONE,SOLPV_PP,SEC_EFL,*,*]:
2015 2016 2017 2018 2019 2020 2021 2022 2023 2024 2025 2026 2027 2028 2029 2030 2031 2032 2033 2034 2035 2036 2037 2038 2039 2040 2041 2042 2043 2044 2045 2046 2047 2048 2049 2050:=
1 1 1 1 1 1 1 1 1 1 1 1 1 1 1 1 1 1 1 1 1 1 1 1 1 1 1 1 1 1 1 1 1 1 1 1 1
[SIERRALEONE,TD,EL_final,*,*]:
2015 2016 2017 2018 2019 2020 2021 2022 2023 2024 2025 2026 2027 2028 2029 2030 2031 2032 2033 2034 2035 2036 2037 2038 2039 2040 2041 2042 2043 2044 2045 2046 2047 2048 2049 2050:=
1 0.8 0.808 0.816 0.824 0.832 0.84 0.842 0.844 0.846 0.848 0.85 0.852 0.854 0.856 0.858 0.86 0.86 0.86 0.86 0.86 0.86 0.86 0.86 0.86 0.86 0.86 0.86 0.86 0.86 0.86 0.86 0.86 0.86 0.86 0.86 0.86
[SIERRALEONE,WIND_PP,SEC_EFL,*,*]:
2015 2016 2017 2018 2019 2020 2021 2022 2023 2024 2025 2026 2027 2028 2029 2030 2031 2032 2033 2034 2035 2036 2037 2038 2039 2040 2041 2042 2043 2044 2045 2046 2047 2048 2049 2050:=
1 1 1 1 1 1 1 1 1 1 1 1 1 1 1 1 1 1 1 1 1 1 1 1 1 1 1 1 1 1 1 1 1 1 1 1 1
;

param REMinProductionTarget default 0 :=
;

param RETagFuel default 0 :=
;

param RETagTechnology default 0 :=
[SIERRALEONE,*,*]:
2015 2016 2017 2018 2019 2020 2021 2022 2023 2024 2025 2026 2027 2028 2029 2030 2031 2032 2033 2034 2035 2036 2037 2038 2039 2040 2041 2042 2043 2044 2045 2046 2047 2048 2049 2050:=
SOLPV_PP 1 1 1 1 1 1 1 1 1 1 1 1 1 1 1 1 1 1 1 1 1 1 1 1 1 1 1 1 1 1 1 1 1 1 1 1
;

param ReserveMargin default 0 :=
;

param ReserveMarginTagFuel default 0 :=
;

param ReserveMarginTagTechnology default 0 :=
;

param ResidualCapacity default 0 :=
[SIERRALEONE,*,*]:
2015 2016 2017 2018 2019 2020 2021 2022 2023 2024 2025 2026 2027 2028 2029 2030 2031 2032 2033 2034 2035 2036 2037 2038 2039 2040 2041 2042 2043 2044 2045 2046 2047 2048 2049 2050:=
BIOGAS_PP 0.008 0.008 0.008 0.008 0.008 0.008 0.008 0.008 0.008 0.008 0.008 0.008 0.008 0.008 0.008 0.008 0.008 0.008 0.008 0.008 0.008 0.008 0.008 0.008 0.008 0.008 0.008 0.008 0.008 0.008 0.008 0.008 0.008 0.008 0.008 0.008
DIESEL_PP 0.021 0.021 0.021 0.021 0.021 0.021 0.021 0.021 0.021 0.021 0.021 0.021 0.021 0.021 0.021 0.021 0.021 0.021 0.021 0.021 0.021 0.021 0.021 0.021 0.021 0.021 0.021 0.021 0.021 0.021 0.021 0.021 0.021 0.021 0.021 0.021
HDRO_DAM_PP 0.05 0.05 0.05 0.05 0.05 0.05 0.05 0.05 0.05 0.05 0.05 0.05 0.05 0.05 0.05 0.05 0.05 0.05 0.05 0.05 0.05 0.05 0.05 0.05 0.05 0.05 0.05 0.05 0.05 0.05 0.05 0.05 0.05 0.05 0.05 0.05
HFO_PP 0.044 0.044 0.044 0.044 0.044 0.044 0.044 0.044 0.044 0.044 0.044 0.044 0.044 0.044 0.044 0.044 0.044 0.044 0.044 0.044 0.044 0.044 0.044 0.044 0.044 0.044 0.044 0.044 0.044 0.044 0.044 0.044 0.044 0.044 0.044 0.044
HYDRO_PP 0.006 0.006 0.006 0.006 0.006 0.006 0.006 0.006 0.006 0.006 0.006 0.006 0.006 0.006 0.006 0.006 0.006 0.006 0.006 0.006 0.006 0.006 0.006 0.006 0.006 0.006 0.006 0.006 0.006 0.006 0.006 0.006 0.006 0.006 0.006 0.006
SOLPV_PP 0.011 0.011 0.011 0.011 0.011 0.011 0.011 0.011 0.011 0.011 0.011 0.011 0.011 0.011 0.011 0.011 0.011 0.011 0.011 0.011 0.011 0.011 0.011 0.011 0.011 0.011 0.011 0.011 0.011 0.011 0.011 0.011 0.011 0.011 0.011 0.011
;

param ResidualStorageCapacity default 0 :=
;

param SpecifiedAnnualDemand default 0 :=
[SIERRALEONE,*,*]:
2015 2016 2017 2018 2019 2020 2021 2022 2023 2024 2025 2026 2027 2028 2029 2030 2031 2032 2033 2034 2035 2036 2037 2038 2039 2040 2041 2042 2043 2044 2045 2046 2047 2048 2049 2050:=
EL_final 0.352254124 0.385814119 0.422579566 0.461484489 0.686296464 1.068212545 1.552424746 2.146292979 2.858573987 3.752011792 4.674853135 5.802603915 7.088410872 8.542911219 10.17716585 12.00268438 12.84465911 13.71516311 14.61374712 15.53993709 16.49323584 16.95729225 17.43149526 17.91617264 18.41166412 18.91832207 19.428161 19.94972693 20.48341085 21.02961962 21.58877684 22.1444399 22.71348334 23.29637076 23.89358607 24.50563472
;

param SpecifiedDemandProfile default 0 :=
[SIERRALEONE,EL_final,*,*]:
2015 2016 2017 2018 2019 2020 2021 2022 2023 2024 2025 2026 2027 2028 2029 2030 2031 2032 2033 2034 2035 2036 2037 2038 2039 2040 2041 2042 2043 2044 2045 2046 2047 2048 2049 2050:=
S1D1 0.1122 0.1122 0.1122 0.1122 0.1122 0.1122 0.1122 0.1122 0.1122 0.1122 0.1122 0.1122 0.1122 0.1122 0.1122 0.1122 0.1122 0.1122 0.1122 0.1122 0.1122 0.1122 0.1122 0.1122 0.1122 0.1122 0.1122 0.1122 0.1122 0.1122 0.1122 0.1122 0.1122 0.1122 0.1122 0.1122
S1D2 0.2192 0.2192 0.2192 0.2192 0.2192 0.2192 0.2192 0.2192 0.2192 0.2192 0.2192 0.2192 0.2192 0.2192 0.2192 0.2192 0.2192 0.2192 0.2192 0.2192 0.2192 0.2192 0.2192 0.2192 0.2192 0.2192 0.2192 0.2192 0.2192 0.2192 0.2192 0.2192 0.2192 0.2192 0.2192 0.2192
S1D3 0.1133 0.1133 0.1133 0.1133 0.1133 0.1133 0.1133 0.1133 0.1133 0.1133 0.1133 0.1133 0.1133 0.1133 0.1133 0.1133 0.1133 0.1133 0.1133 0.1133 0.1133 0.1133 0.1133 0.1133 0.1133 0.1133 0.1133 0.1133 0.1133 0.1133 0.1133 0.1133 0.1133 0.1133 0.1133 0.1133
S2D1 0.1376 0.1376 0.1376 0.1376 0.1376 0.1376 0.1376 0.1376 0.1376 0.1376 0.1376 0.1376 0.1376 0.1376 0.1376 0.1376 0.1376 0.1376 0.1376 0.1376 0.1376 0.1376 0.1376 0.1376 0.1376 0.1376 0.1376 0.1376 0.1376 0.1376 0.1376 0.1376 0.1376 0.1376 0.1376 0.1376
S2D2 0.2773 0.2773 0.2773 0.2773 0.2773 0.2773 0.2773 0.2773 0.2773 0.2773 0.2773 0.2773 0.2773 0.2773 0.2773 0.2773 0.2773 0.2773 0.2773 0.2773 0.2773 0.2773 0.2773 0.2773 0.2773 0.2773 0.2773 0.2773 0.2773 0.2773 0.2773 0.2773 0.2773 0.2773 0.2773 0.2773
S2D3 0.1404 0.1404 0.1404 0.1404 0.1404 0.1404 0.1404 0.1404 0.1404 0.1404 0.1404 0.1404 0.1404 0.1404 0.1404 0.1404 0.1404 0.1404 0.1404 0.1404 0.1404 0.1404 0.1404 0.1404 0.1404 0.1404 0.1404 0.1404 0.1404 0.1404 0.1404 0.1404 0.1404 0.1404 0.1404 0.1404
;

param StorageLevelStart default 0 :=
;

param StorageMaxChargeRate default 0 :
RESERVIOUR:=
SIERRALEONE 99
;

param StorageMaxDischargeRate default 0 :
RESERVIOUR:=
SIERRALEONE 99
;

param TechnologyFromStorage default 0 :=
[SIERRALEONE,HDRO_DAM_PP,*,*]:
1 2:=
RESERVIOUR 0 1
;

param TechnologyToStorage default 0 :=
[SIERRALEONE,HDRO_DAM_PP,*,*]:
1 2:=
RESERVIOUR 1 0
;

param TotalAnnualMaxCapacity default 99999 :=
[SIERRALEONE,*,*]:
2015 2016 2017 2018 2019 2020 2021 2022 2023 2024 2025 2026 2027 2028 2029 2030 2031 2032 2033 2034 2035 2036 2037 2038 2039 2040 2041 2042 2043 2044 2045 2046 2047 2048 2049 2050:=
BIOGAS_PP 0.015 0.015 0.015 0.015 0.017 0.032 0.041 0.043 0.044 0.05 0.055 0.057 0.061 0.063 0.065 0.068 0.096833333 0.115 0.115 0.115 0.115 0.115 0.115 0.115 0.115 0.115 0.115 0.115 0.115 0.115 0.115 0.115 0.115 0.115 0.115 0.115
HDRO_DAM_PP 0.05 0.05 0.05 0.05 0.05 0.05 0.05 0.05 0.05 0.05 0.05 0.09 0.09 0.09 0.18 0.18 0.275 0.275 0.31 0.31 0.476 0.476 0.755 0.755 0.755 0.755 0.755 0.755 0.755 0.755 0.755 0.755 0.755 0.755 0.755 0.755
HYDRO_PP 0.006 0.006 0.006 0.006 0.006 0.006 0.026 0.026 0.026 0.026 0.026 0.026 0.026 0.026 0.026 0.026 0.026 0.026 0.026 0.026 0.026 0.026 0.026 0.026 0.026 0.026 0.026 0.026 0.026 0.026 0.026 0.026 0.026 0.026 0.026 0.026
RIVER 10 10 10 10 10 10 10 10 10 10 10 10 10 10 10 10 10 10 10 10 10 10 10 10 10 10 10 10 10 10 10 10 10 10 10 10
WIND_PP 0 0 0 0 0 99999 99999 99999 99999 99999 99999 99999 99999 99999 99999 99999 99999 99999 99999 99999 99999 99999 99999 99999 99999 99999 99999 99999 99999 99999 99999 99999 99999 99999 99999 99999
;

param TotalAnnualMaxCapacityInvestment default 99999 :=
[SIERRALEONE,*,*]:
2015 2016 2017 2018 2019 2020 2021 2022 2023 2024 2025 2026 2027 2028 2029 2030 2031 2032 2033 2034 2035 2036 2037 2038 2039 2040 2041 2042 2043 2044 2045 2046 2047 2048 2049 2050:=
DIS_SOLPV 0.2 0.2 0.2 0.2 0.2 0.2 0.2 0.2 0.2 0.2 0.2 0.2 0.2 0.2 0.2 0.2 0.2 0.2 0.2 0.2 0.2 0.2 0.2 0.2 0.2 0.2 0.2 0.2 0.2 0.2 0.2 0.2 0.2 0.2 0.2 0.2
HDRO_DAM_PP 0 0 0 0 0 0 0 0 0 0 0.04 0.04 0.04 0.04 0.04 0.04 0.04 0.04 0.04 0.04 0.04 0.04 0.04 0.04 0.04 0.04 0.04 0.04 0.04 0.04 0.04 0.04 0.04 0.04 0.04 0.04
SOLPV_PP 0.5 0.5 0.5 0.5 0.5 0.5 0.5 0.5 0.5 0.5 0.5 0.5 0.5 0.5 0.5 0.5 0.5 0.5 0.5 0.5 0.5 0.5 0.5 0.5 0.5 0.5 0.5 0.5 0.5 0.5 0.5 0.5 0.5 0.5 0.5 0.5
;

param TotalAnnualMinCapacity default 0 :=
[SIERRALEONE,*,*]:
2015 2016 2017 2018 2019 2020 2021 2022 2023 2024 2025 2026 2027 2028 2029 2030 2031 2032 2033 2034 2035 2036 2037 2038 2039 2040 2041 2042 2043 2044 2045 2046 2047 2048 2049 2050:=
DIESEL_PP 0.021 0.021 0.021 0.021 0.021 0.021 0.021 0.021 0.021 0.021 0.021 0.021 0.021 0.021 0.021 0.021 0.021 0.021 0.021 0.021 0.021 0.021 0.021 0.021 0.021 0.021 0.021 0.021 0.021 0.021 0.021 0.021 0.021 0.021 0.021 0.021
DIS_SOLPV 0.013 0.013 0.013 0.013 0.013 0.013 0.013 0.013 0.013 0.013 0.013 0.013 0.013 0.013 0.013 0.013 0.013 0.013 0.013 0.013 0.013 0.013 0.013 0.013 0.013 0.013 0.013 0.013 0.013 0.013 0.013 0.013 0.013 0.013 0.013 0.013
SOLPV_PP 0.046 0.046 0.046 0.056 0.063 0.073 0.074 0.077 0.079 0.088 0.089 0.09 0.091 0.092 0.093 0.095 0.1845 0.274 0.3635 0.453 0.5425 0.632 0.7215 0.811 0.9005 0.99 1.0795 1.169 1.2585 1.348 1.4375 1.527 1.6165 1.706 1.7955 1.885
WIND_PP 0 0 0 0 0 0.131 0.131 0.131 0.131 0.131 0.131 0.131 0.131 0.131 0.131 0.131 0.131 0.131 0.131 0.131 0.131 0.131 0.131 0.131 0.131 0.131 0.131 0.131 0.131 0.131 0.131 0.131 0.131 0.131 0.131 0.131
;

param TotalAnnualMinCapacityInvestment default 0 :=
;

param TotalTechnologyAnnualActivityLowerLimit default 0 :=
;

param TotalTechnologyAnnualActivityUpperLimit default 99999 :=
[SIERRALEONE,*,*]:
2015 2016 2017 2018 2019 2020 2021 2022 2023 2024 2025 2026 2027 2028 2029 2030 2031 2032 2033 2034 2035 2036 2037 2038 2039 2040 2041 2042 2043 2044 2045 2046 2047 2048 2049 2050:=
GAS_PP 0 0 0 0 0 0 0 0 0 0 0 0 0 0 0 0 0 0 0 0 0 0 0 0 0 0 0 0 0 0 0 0 0 0 0 0
IMP_COAL 0 0 0 0 0 0 0 0 0 0 0 0 0 0 0 0 0 0 0 0 0 0 0 0 0 0 0 0 0 0 0 0 0 0 0 0
RIVER 10 10 10 10 10 10 10 10 10 10 10 10 10 10 10 10 10 10 10 10 10 10 10 10 10 10 10 10 10 10 10 10 10 10 10 10
SOLPV_PP 4.1667 4.1667 4.1667 4.1667 4.1667 4.1667 4.1667 4.1667 4.1667 4.1667 4.1667 4.1667 4.1667 4.1667 4.1667 4.1667 4.1667 4.1667 4.1667 4.1667 4.1667 4.1667 4.1667 4.1667 4.1667 4.1667 4.1667 4.1667 4.1667 4.1667 4.1667 4.1667 4.1667 4.1667 4.1667 4.1667
;

param TotalTechnologyModelPeriodActivityLowerLimit default 0 :=
;

param TotalTechnologyModelPeriodActivityUpperLimit default 99999 :=
;

param TradeRoute default 0 :=
;

param VariableCost default 0.0001 :=
[SIERRALEONE,Backstop1,*,*]:
2015 2016 2017 2018 2019 2020 2021 2022 2023 2024 2025 2026 2027 2028 2029 2030 2031 2032 2033 2034 2035 2036 2037 2038 2039 2040 2041 2042 2043 2044 2045 2046 2047 2048 2049 2050:=
1 999999 999999 999999 999999 999999 999999 999999 999999 999999 999999 999999 999999 999999 999999 999999 999999 999999 999999 999999 999999 999999 999999 999999 999999 999999 999999 999999 999999 999999 999999 999999 999999 999999 999999 999999 999999
[SIERRALEONE,HDRO_DAM_PP,*,*]:
2015 2016 2017 2018 2019 2020 2021 2022 2023 2024 2025 2026 2027 2028 2029 2030 2031 2032 2033 2034 2035 2036 2037 2038 2039 2040 2041 2042 2043 2044 2045 2046 2047 2048 2049 2050:=
1 0.555 0.555 0.555 0.555 0.555 0.555 0.555 0.555 0.555 0.555 0.555 0.555 0.555 0.555 0.555 0.555 0.555 0.555 0.555 0.555 0.555 0.555 0.555 0.555 0.555 0.555 0.555 0.555 0.555 0.555 0.555 0.555 0.555 0.555 0.555 0.555
[SIERRALEONE,HYDRO_PP,*,*]:
2015 2016 2017 2018 2019 2020 2021 2022 2023 2024 2025 2026 2027 2028 2029 2030 2031 2032 2033 2034 2035 2036 2037 2038 2039 2040 2041 2042 2043 2044 2045 2046 2047 2048 2049 2050:=
1 0.555 0.555 0.555 0.555 0.555 0.555 0.555 0.555 0.555 0.555 0.555 0.555 0.555 0.555 0.555 0.555 0.555 0.555 0.555 0.555 0.555 0.555 0.555 0.555 0.555 0.555 0.555 0.555 0.555 0.555 0.555 0.555 0.555 0.555 0.555 0.555
[SIERRALEONE,IMP_COAL,*,*]:
2015 2016 2017 2018 2019 2020 2021 2022 2023 2024 2025 2026 2027 2028 2029 2030 2031 2032 2033 2034 2035 2036 2037 2038 2039 2040 2041 2042 2043 2044 2045 2046 2047 2048 2049 2050:=
1 4.9 4.94 4.98 5.02 5.06 5.1 5.14 5.18 5.22 5.26 5.3 5.34 5.38 5.42 5.46 5.5 5.54 5.58 5.62 5.66 5.7 5.74 5.78 5.82 5.86 6.1 6.14 6.18 6.22 6.26 6.3 6.34 6.38 6.42 6.46 6.9
[SIERRALEONE,IMP_DIESEL,*,*]:
2015 2016 2017 2018 2019 2020 2021 2022 2023 2024 2025 2026 2027 2028 2029 2030 2031 2032 2033 2034 2035 2036 2037 2038 2039 2040 2041 2042 2043 2044 2045 2046 2047 2048 2049 2050:=
1 11.2 12.42 13.64 14.86 16.08 17.3 18 18.7 19.4 20.1 20.8 21.5 22.2 22.9 23.6 24.3 24.465 24.63 24.795 24.96 25.125 25.29 25.455 25.62 25.785 25.95 26.115 26.28 26.445 26.61 26.775 26.94 27.105 27.27 27.435 27.6
[SIERRALEONE,IMP_GAS,*,*]:
2015 2016 2017 2018 2019 2020 2021 2022 2023 2024 2025 2026 2027 2028 2029 2030 2031 2032 2033 2034 2035 2036 2037 2038 2039 2040 2041 2042 2043 2044 2045 2046 2047 2048 2049 2050:=
1 9.2 9.1 9 8.9 8.8 8.7 8.93 9.16 9.39 9.62 9.85 10.08 10.31 10.54 10.77 11 11.1 11.33 11.56 11.79 12.02 12.25 12.48 12.71 12.94 13 13.2 13.4 13.6 13.8 14 14.2 14.4 14.6 14.8 15
[SIERRALEONE,IMP_HFO,*,*]:
2015 2016 2017 2018 2019 2020 2021 2022 2023 2024 2025 2026 2027 2028 2029 2030 2031 2032 2033 2034 2035 2036 2037 2038 2039 2040 2041 2042 2043 2044 2045 2046 2047 2048 2049 2050:=
1 6.6 7.32 8.04 8.76 9.48 10.2 10.61 11.02 11.43 11.84 12.25 12.66 13.07 13.48 13.89 14.3 14.71 15.12 15.53 15.94 16.35 16.76 17.17 17.58 17.99 18.3 18.71 19.12 19.53 19.94 20.35 20.76 21.17 21.58 21.99 22.3
[SIERRALEONE,PROD_BIOGAS,*,*]:
2015 2016 2017 2018 2019 2020 2021 2022 2023 2024 2025 2026 2027 2028 2029 2030 2031 2032 2033 2034 2035 2036 2037 2038 2039 2040 2041 2042 2043 2044 2045 2046 2047 2048 2049 2050:=
1 1.6 1.6 1.6 1.6 1.6 1.6 1.6 1.6 1.6 1.6 1.6 1.6 1.6 1.6 1.6 1.6 1.6 1.6 1.6 1.6 1.6 1.6 1.6 1.6 1.6 1.6 1.6 1.6 1.6 1.6 1.6 1.6 1.6 1.6 1.6 1.6
;

param YearSplit default 0 :
2015 2016 2017 2018 2019 2020 2021 2022 2023 2024 2025 2026 2027 2028 2029 2030 2031 2032 2033 2034 2035 2036 2037 2038 2039 2040 2041 2042 2043 2044 2045 2046 2047 2048 2049 2050:=
S1D1 0.1207 0.1207 0.1207 0.1207 0.1207 0.1207 0.1207 0.1207 0.1207 0.1207 0.1207 0.1207 0.1207 0.1207 0.1207 0.1207 0.1207 0.1207 0.1207 0.1207 0.1207 0.1207 0.1207 0.1207 0.1207 0.1207 0.1207 0.1207 0.1207 0.1207 0.1207 0.1207 0.1207 0.1207 0.1207 0.1207
S1D2 0.1896 0.1896 0.1896 0.1896 0.1896 0.1896 0.1896 0.1896 0.1896 0.1896 0.1896 0.1896 0.1896 0.1896 0.1896 0.1896 0.1896 0.1896 0.1896 0.1896 0.1896 0.1896 0.1896 0.1896 0.1896 0.1896 0.1896 0.1896 0.1896 0.1896 0.1896 0.1896 0.1896 0.1896 0.1896 0.1896
S1D3 0.1034 0.1034 0.1034 0.1034 0.1034 0.1034 0.1034 0.1034 0.1034 0.1034 0.1034 0.1034 0.1034 0.1034 0.1034 0.1034 0.1034 0.1034 0.1034 0.1034 0.1034 0.1034 0.1034 0.1034 0.1034 0.1034 0.1034 0.1034 0.1034 0.1034 0.1034 0.1034 0.1034 0.1034 0.1034 0.1034
S2D1 0.171 0.171 0.171 0.171 0.171 0.171 0.171 0.171 0.171 0.171 0.171 0.171 0.171 0.171 0.171 0.171 0.171 0.171 0.171 0.171 0.171 0.171 0.171 0.171 0.171 0.171 0.171 0.171 0.171 0.171 0.171 0.171 0.171 0.171 0.171 0.171
S2D2 0.2687 0.2687 0.2687 0.2687 0.2687 0.2687 0.2687 0.2687 0.2687 0.2687 0.2687 0.2687 0.2687 0.2687 0.2687 0.2687 0.2687 0.2687 0.2687 0.2687 0.2687 0.2687 0.2687 0.2687 0.2687 0.2687 0.2687 0.2687 0.2687 0.2687 0.2687 0.2687 0.2687 0.2687 0.2687 0.2687
S2D3 0.1466 0.1466 0.1466 0.1466 0.1466 0.1466 0.1466 0.1466 0.1466 0.1466 0.1466 0.1466 0.1466 0.1466 0.1466 0.1466 0.1466 0.1466 0.1466 0.1466 0.1466 0.1466 0.1466 0.1466 0.1466 0.1466 0.1466 0.1466 0.1466 0.1466 0.1466 0.1466 0.1466 0.1466 0.1466 0.1466
;

#
end;
