###############
#    Sets     #
###############
#
set REGION := Ethiopia_Model_2019 ;
set EMISSION := CO2 ;
set DAILYTIMEBRACKET := 1 2 3 ;
set DAYTYPE := 1 ;
set FUEL := BIO COA CRU ELC ELC001 ELCE002 ELCN002 HETGEO NGS StordEnergy WATSUR ;
set MODE_OF_OPERATION := 1 2 ;
set SEASON := 1 2 3 4 ;
set TIMESLICE := Au_D Au_N Au_P Sp_D Sp_N Sp_P Su_D Su_N Su_P Wi_D Wi_N Wi_P ;
set STORAGE := DAM ;
set TECHNOLOGY := BackStop1 BackStop2 EXPELC001 GEO IMPCOA IMPCRU001 MINBIO001 MINCOA MINCRU001 MINNGS PWRBIO001 PWRCOA001 PWRGEO001 PWRHFO001 PWRHYD001 PWRHYD002 PWRNGS001 PWRSOL001 PWRTRN001 PWRTRNE001 PWRWAS001 PWRWND001 PVSmall River001 ;
set YEAR := 2015 2016 2017 2018 2019 2020 2021 2022 2023 2024 2025 2026 2027 2028 2029 2030 2031 2032 2033 2034 2035 2036 2037 ;


#####################
#    Parameters     #
#####################
#
param AccumulatedAnnualDemand default 0 :=
;

param AnnualEmissionLimit default 99999 :=
;

param AnnualExogenousEmission default 0 :=
;

param AvailabilityFactor default 1 :=
[Ethiopia_Model_2019,*,*]:
2015 2016 2017 2018 2019 2020 2021 2022 2023 2024 2025 2026 2027 2028 2029 2030 2031 2032 2033 2034 2035 2036 2037:=
GEO 0.8 0.8 0.8 0.8 0.8 0.8 0.8 0.8 0.8 0.8 0.8 0.8 0.8 0.8 0.8 0.8 0.8 0.8 0.8 1 1 1 1
PWRBIO001 0.5 0.5 0.5 0.5 0.5 0.5 0.5 0.5 0.5 0.5 0.5 0.5 0.5 0.5 0.5 0.5 0.5 0.5 0.5 0.5 0.5 0.5 0.5
PWRCOA001 0.9 0.9 0.9 0.9 0.9 0.9 0.9 0.9 0.9 0.9 0.9 0.9 0.9 0.9 0.9 0.9 0.9 0.9 0.9 0.9 0.9 0.9 0.9
PWRGEO001 0.8 0.8 0.8 0.8 0.8 0.8 0.8 0.8 0.8 0.8 0.8 0.8 0.8 0.8 0.8 0.8 0.8 0.8 0.8 0.8 0.8 0.8 0.8
PWRHFO001 0.8 0.8 0.8 0.8 0.8 0.8 0.8 0.8 0.8 0.8 0.8 0.8 0.8 0.8 0.8 0.8 0.8 0.8 0.8 0.8 0.8 0.8 0.8
PWRHYD001 0.98 0.98 0.98 0.98 0.98 0.98 0.98 0.98 0.98 0.98 0.98 0.98 0.98 0.98 0.98 0.98 0.98 0.98 0.98 0.98 0.98 0.98 0.98
PWRNGS001 0.95 0.95 0.95 0.95 0.95 0.95 0.95 0.95 0.95 0.95 0.95 0.95 0.95 0.95 0.95 0.95 0.95 0.95 0.95 0.95 0.95 0.95 0.95
PWRSOL001 0.95 0.95 0.95 0.95 0.95 0.95 0.95 0.95 0.95 0.95 0.95 0.95 0.95 0.95 0.95 0.95 0.95 0.95 0.95 0.95 0.95 0.95 0.95
PWRWND001 0.45 0.45 0.45 0.45 0.45 0.45 0.45 0.45 0.45 0.45 0.45 0.45 0.45 0.45 0.45 0.45 0.45 0.45 0.45 0.45 0.45 0.45 0.45
;

param CapacityFactor default 1 :=
[Ethiopia_Model_2019,PWRHYD001,*,*]:
2015 2016 2017 2018 2019 2020 2021 2022 2023 2024 2025 2026 2027 2028 2029 2030 2031 2032 2033 2034 2035 2036 2037:=
Au_D 0.39 0.39 0.39 0.39 0.39 0.39 0.39 0.39 0.39 0.39 0.39 0.39 0.39 0.39 0.39 0.39 0.39 0.39 0.39 0.39 0.39 0.39 0.39
Au_N 0.39 0.39 0.39 0.39 0.39 0.39 0.39 0.39 0.39 0.39 0.39 0.39 0.39 0.39 0.39 0.39 0.39 0.39 0.39 0.39 0.39 0.39 0.39
Au_P 0.39 0.39 0.39 0.39 0.39 0.39 0.39 0.39 0.39 0.39 0.39 0.39 0.39 0.39 0.39 0.39 0.39 0.39 0.39 0.39 0.39 0.39 0.39
Sp_D 0.35 0.35 0.35 0.35 0.35 0.35 0.35 0.35 0.35 0.35 0.35 0.35 0.35 0.35 0.35 0.35 0.35 0.35 0.35 0.35 0.35 0.35 0.35
Sp_N 0.35 0.35 0.35 0.35 0.35 0.35 0.35 0.35 0.35 0.35 0.35 0.35 0.35 0.35 0.35 0.35 0.35 0.35 0.35 0.35 0.35 0.35 0.35
Sp_P 0.35 0.35 0.35 0.35 0.35 0.35 0.35 0.35 0.35 0.35 0.35 0.35 0.35 0.35 0.35 0.35 0.35 0.35 0.35 0.35 0.35 0.35 0.35
Su_D 0.36 0.36 0.36 0.36 0.36 0.36 0.36 0.36 0.36 0.36 0.36 0.36 0.36 0.36 0.36 0.36 0.36 0.36 0.36 0.36 0.36 0.36 0.36
Su_N 0.36 0.36 0.36 0.36 0.36 0.36 0.36 0.36 0.36 0.36 0.36 0.36 0.36 0.36 0.36 0.36 0.36 0.36 0.36 0.36 0.36 0.36 0.36
Su_P 0.36 0.36 0.36 0.36 0.36 0.36 0.36 0.36 0.36 0.36 0.36 0.36 0.36 0.36 0.36 0.36 0.36 0.36 0.36 0.36 0.36 0.36 0.36
Wi_D 0.4 0.4 0.4 0.4 0.4 0.4 0.4 0.4 0.4 0.4 0.4 0.4 0.4 0.4 0.4 0.4 0.4 0.4 0.4 0.4 0.4 0.4 0.4
Wi_N 0.4 0.4 0.4 0.4 0.4 0.4 0.4 0.4 0.4 0.4 0.4 0.4 0.4 0.4 0.4 0.4 0.4 0.4 0.4 0.4 0.4 0.4 0.4
Wi_P 0.4 0.4 0.4 0.4 0.4 0.4 0.4 0.4 0.4 0.4 0.4 0.4 0.4 0.4 0.4 0.4 0.4 0.4 0.4 0.4 0.4 0.4 0.4
[Ethiopia_Model_2019,PWRSOL001,*,*]:
2015 2016 2017 2018 2019 2020 2021 2022 2023 2024 2025 2026 2027 2028 2029 2030 2031 2032 2033 2034 2035 2036 2037:=
Au_D 0.39 0.39 0.39 0.39 0.39 0.39 0.39 0.39 0.39 0.39 0.39 0.39 0.39 0.39 0.39 0.39 0.39 0.39 0.39 0.39 0.39 0.39 0.39
Au_N 0 0 0 0 0 0 0 0 0 0 0 0 0 0 0 0 0 0 0 0 0 0 0
Au_P 0.17 0.17 0.17 0.17 0.17 0.17 0.17 0.17 0.17 0.17 0.17 0.17 0.17 0.17 0.17 0.17 0.17 0.17 0.17 0.17 0.17 0.17 0.17
Sp_D 0.29 0.29 0.29 0.29 0.29 0.29 0.29 0.29 0.29 0.29 0.29 0.29 0.29 0.29 0.29 0.29 0.29 0.29 0.29 0.29 0.29 0.29 0.29
Sp_N 0.12 0.12 0.12 0.12 0.12 0.12 0.12 0.12 0.12 0.12 0.12 0.12 0.12 0.12 0.12 0.12 0.12 0.12 0.12 0.12 0.12 0.12 0.12
Sp_P 0.12 0.12 0.12 0.12 0.12 0.12 0.12 0.12 0.12 0.12 0.12 0.12 0.12 0.12 0.12 0.12 0.12 0.12 0.12 0.12 0.12 0.12 0.12
Su_D 0.27 0.27 0.27 0.27 0.27 0.27 0.27 0.27 0.27 0.27 0.27 0.27 0.27 0.27 0.27 0.27 0.27 0.27 0.27 0.27 0.27 0.27 0.27
Su_N 0.11 0.11 0.11 0.11 0.11 0.11 0.11 0.11 0.11 0.11 0.11 0.11 0.11 0.11 0.11 0.11 0.11 0.11 0.11 0.11 0.11 0.11 0.11
Su_P 0.11 0.11 0.11 0.11 0.11 0.11 0.11 0.11 0.11 0.11 0.11 0.11 0.11 0.11 0.11 0.11 0.11 0.11 0.11 0.11 0.11 0.11 0.11
Wi_D 0.4 0.4 0.4 0.4 0.4 0.4 0.4 0.4 0.4 0.4 0.4 0.4 0.4 0.4 0.4 0.4 0.4 0.4 0.4 0.4 0.4 0.4 0.4
Wi_N 0.17 0.17 0.17 0.17 0.17 0.17 0.17 0.17 0.17 0.17 0.17 0.17 0.17 0.17 0.17 0.17 0.17 0.17 0.17 0.17 0.17 0.17 0.17
Wi_P 0.17 0.17 0.17 0.17 0.17 0.17 0.17 0.17 0.17 0.17 0.17 0.17 0.17 0.17 0.17 0.17 0.17 0.17 0.17 0.17 0.17 0.17 0.17
[Ethiopia_Model_2019,PWRWND001,*,*]:
2015 2016 2017 2018 2019 2020 2021 2022 2023 2024 2025 2026 2027 2028 2029 2030 2031 2032 2033 2034 2035 2036 2037:=
Au_D 0.095661017 0.095661017 0.095661017 0.095661017 0.095661017 0.095661017 0.095661017 0.095661017 0.095661017 0.095661017 0.095661017 0.095661017 0.095661017 0.095661017 0.095661017 0.095661017 0.095661017 0.095661017 0.095661017 0.095661017 0.095661017 0.095661017 0.095661017
Au_N 0.242824859 0.242824859 0.242824859 0.242824859 0.242824859 0.242824859 0.242824859 0.242824859 0.242824859 0.242824859 0.242824859 0.242824859 0.242824859 0.242824859 0.242824859 0.242824859 0.242824859 0.242824859 0.242824859 0.242824859 0.242824859 0.242824859 0.242824859
Au_P 0.178691525 0.178691525 0.178691525 0.178691525 0.178691525 0.178691525 0.178691525 0.178691525 0.178691525 0.178691525 0.178691525 0.178691525 0.178691525 0.178691525 0.178691525 0.178691525 0.178691525 0.178691525 0.178691525 0.178691525 0.178691525 0.178691525 0.178691525
Sp_D 0.100336066 0.100336066 0.100336066 0.100336066 0.100336066 0.100336066 0.100336066 0.100336066 0.100336066 0.100336066 0.100336066 0.100336066 0.100336066 0.100336066 0.100336066 0.100336066 0.100336066 0.100336066 0.100336066 0.100336066 0.100336066 0.100336066 0.100336066
Sp_N 0.309266393 0.309266393 0.309266393 0.309266393 0.309266393 0.309266393 0.309266393 0.309266393 0.309266393 0.309266393 0.309266393 0.309266393 0.309266393 0.309266393 0.309266393 0.309266393 0.309266393 0.309266393 0.309266393 0.309266393 0.309266393 0.309266393 0.309266393
Sp_P 0.163409836 0.163409836 0.163409836 0.163409836 0.163409836 0.163409836 0.163409836 0.163409836 0.163409836 0.163409836 0.163409836 0.163409836 0.163409836 0.163409836 0.163409836 0.163409836 0.163409836 0.163409836 0.163409836 0.163409836 0.163409836 0.163409836 0.163409836
Su_D 0.183307453 0.183307453 0.183307453 0.183307453 0.183307453 0.183307453 0.183307453 0.183307453 0.183307453 0.183307453 0.183307453 0.183307453 0.183307453 0.183307453 0.183307453 0.183307453 0.183307453 0.183307453 0.183307453 0.183307453 0.183307453 0.183307453 0.183307453
Su_N 0.091674819 0.091674819 0.091674819 0.091674819 0.091674819 0.091674819 0.091674819 0.091674819 0.091674819 0.091674819 0.091674819 0.091674819 0.091674819 0.091674819 0.091674819 0.091674819 0.091674819 0.091674819 0.091674819 0.091674819 0.091674819 0.091674819 0.091674819
Su_P 0.132258696 0.132258696 0.132258696 0.132258696 0.132258696 0.132258696 0.132258696 0.132258696 0.132258696 0.132258696 0.132258696 0.132258696 0.132258696 0.132258696 0.132258696 0.132258696 0.132258696 0.132258696 0.132258696 0.132258696 0.132258696 0.132258696 0.132258696
Wi_D 0.132310559 0.132310559 0.132310559 0.132310559 0.132310559 0.132310559 0.132310559 0.132310559 0.132310559 0.132310559 0.132310559 0.132310559 0.132310559 0.132310559 0.132310559 0.132310559 0.132310559 0.132310559 0.132310559 0.132310559 0.132310559 0.132310559 0.132310559
Wi_N 0.324777174 0.324777174 0.324777174 0.324777174 0.324777174 0.324777174 0.324777174 0.324777174 0.324777174 0.324777174 0.324777174 0.324777174 0.324777174 0.324777174 0.324777174 0.324777174 0.324777174 0.324777174 0.324777174 0.324777174 0.324777174 0.324777174 0.324777174
Wi_P 0.190286957 0.190286957 0.190286957 0.190286957 0.190286957 0.190286957 0.190286957 0.190286957 0.190286957 0.190286957 0.190286957 0.190286957 0.190286957 0.190286957 0.190286957 0.190286957 0.190286957 0.190286957 0.190286957 0.190286957 0.190286957 0.190286957 0.190286957
[Ethiopia_Model_2019,River001,*,*]:
2015 2016 2017 2018 2019 2020 2021 2022 2023 2024 2025 2026 2027 2028 2029 2030 2031 2032 2033 2034 2035 2036 2037:=
Au_D 0.23 0.23 0.23 0.23 0.23 0.23 0.23 0.23 0.23 0.23 0.23 0.23 0.23 0.23 0.23 0.23 0.23 0.23 0.23 0.23 0.23 0.23 0.23
Au_N 0.23 0.23 0.23 0.23 0.23 0.23 0.23 0.23 0.23 0.23 0.23 0.23 0.23 0.23 0.23 0.23 0.23 0.23 0.23 0.23 0.23 0.23 0.23
Au_P 0.23 0.23 0.23 0.23 0.23 0.23 0.23 0.23 0.23 0.23 0.23 0.23 0.23 0.23 0.23 0.23 0.23 0.23 0.23 0.23 0.23 0.23 0.23
Sp_D 0.1 0.1 0.1 0.1 0.1 0.1 0.1 0.1 0.1 0.1 0.1 0.1 0.1 0.1 0.1 0.1 0.1 0.1 0.1 0.1 0.1 0.1 0.1
Sp_N 0.1 0.1 0.1 0.1 0.1 0.1 0.1 0.1 0.1 0.1 0.1 0.1 0.1 0.1 0.1 0.1 0.1 0.1 0.1 0.1 0.1 0.1 0.1
Sp_P 0.1 0.1 0.1 0.1 0.1 0.1 0.1 0.1 0.1 0.1 0.1 0.1 0.1 0.1 0.1 0.1 0.1 0.1 0.1 0.1 0.1 0.1 0.1
Su_D 0.8 0.8 0.8 0.8 0.8 0.8 0.8 0.8 0.8 0.8 0.8 0.8 0.8 0.8 0.8 0.8 0.8 0.8 0.8 0.8 0.8 0.8 0.8
Su_N 0.8 0.8 0.8 0.8 0.8 0.8 0.8 0.8 0.8 0.8 0.8 0.8 0.8 0.8 0.8 0.8 0.8 0.8 0.8 0.8 0.8 0.8 0.8
Su_P 0.8 0.8 0.8 0.8 0.8 0.8 0.8 0.8 0.8 0.8 0.8 0.8 0.8 0.8 0.8 0.8 0.8 0.8 0.8 0.8 0.8 0.8 0.8
Wi_D 0.07 0.07 0.07 0.07 0.07 0.07 0.07 0.07 0.07 0.07 0.07 0.07 0.07 0.07 0.07 0.07 0.07 0.07 0.07 0.07 0.07 0.07 0.07
Wi_N 0.07 0.07 0.07 0.07 0.07 0.07 0.07 0.07 0.07 0.07 0.07 0.07 0.07 0.07 0.07 0.07 0.07 0.07 0.07 0.07 0.07 0.07 0.07
Wi_P 0.07 0.07 0.07 0.07 0.07 0.07 0.07 0.07 0.07 0.07 0.07 0.07 0.07 0.07 0.07 0.07 0.07 0.07 0.07 0.07 0.07 0.07 0.07
;

param CapacityOfOneTechnologyUnit default 0 :=
;

param CapacityToActivityUnit default 1 :
BackStop1 BackStop2 EXPELC001 GEO IMPCOA IMPCRU001 MINBIO001 MINCOA MINCRU001 MINNGS PWRBIO001 PWRCOA001 PWRGEO001 PWRHFO001 PWRHYD001 PWRHYD002 PWRNGS001 PWRSOL001 PWRTRN001 PWRTRNE001 PWRWAS001 PWRWND001 PVSmall River001:=
Ethiopia_Model_2019 1 1 31.536 1 1 1 1 1 1 1 31.536 31.536 31.536 31.536 31.536 31.536 31.536 31.536 1 1 1 31.536 31.536 1
;

param CapitalCost default 0.0001 :=
[Ethiopia_Model_2019,*,*]:
2015 2016 2017 2018 2019 2020 2021 2022 2023 2024 2025 2026 2027 2028 2029 2030 2031 2032 2033 2034 2035 2036 2037:=
BackStop1 999999 999999 999999 999999 999999 999999 999999 999999 999999 999999 999999 999999 999999 999999 999999 999999 999999 999999 999999 999999 999999 999999 999999
BackStop2 99999 99999 99999 99999 99999 99999 99999 99999 99999 99999 99999 99999 99999 99999 99999 99999 99999 99999 99999 99999 99999 99999 99999
PWRBIO001 2150 2150 2150 2150 2150 2150 2150 2150 2150 2150 2150 2150 2150 2150 2150 2150 2150 2150 2150 2150 2150 2150 2150
PWRCOA001 1300 1300 1300 1300 1300 1300 1300 1300 1300 1300 1300 1300 1300 1300 1300 1300 1300 1300 1300 1300 1300 1300 1300
PWRGEO001 3100 3100 3100 3100 3100 3100 3000 3000 3000 3000 3000 2900 2900 2900 2900 2800 2800 2800 2800 2800 2800 2800 2800
PWRHFO001 1467.45 1467.45 1467.45 1467.45 1467.45 1467.45 1467.45 1467.45 1467.45 1467.45 1467.45 1467.45 1467.45 1467.45 1467.45 1467.45 1467.45 1467.45 1467.45 1467.45 1467.45 1467.45 1467.45
PWRHYD001 2100 2100 2100 2100 2100 2100 2100 2100 2100 2100 2100 2100 2100 2100 2100 2100 2100 2100 2100 2100 2100 2100 2100
PWRHYD002 1950 1950 1950 1950 1950 1950 1950 1950 1950 1950 1950 1950 1950 1950 1950 1950 1950 1950 1950 1950 1950 1950 1950
PWRNGS001 1200 1200 1200 1200 1200 1200 1200 1200 1200 1200 1200 1200 1200 1200 1200 1200 1200 1200 1200 1200 1200 1200 1200
PWRSOL001 2400 2400 2400 2400 2400 2400 2400 2400 2400 2400 2400 2400 2400 2400 2400 2400 2400 2400 2400 2400 2400 2400 2400
PWRTRN001 4000 4000 4000 4000 4000 4000 4000 4000 4000 4000 4000 4000 4000 4000 4000 4000 4000 4000 4000 4000 4000 4000 4000
PWRWND001 1295 1295 1295 1295 1295 1295 1295 1295 1295 1295 1295 1295 1295 1295 1295 1295 1295 1295 1295 1295 1295 1295 1295
PVSmall 2840 2840 2840 2840 2840 2840 2060 2060 2060 2060 2060 1640 1640 1640 1640 1640 1440 1440 1440 1440 1440 1440 1440
;

param CapitalCostStorage default 0 :=
;

param Conversionld default 0 :
1:=
Au_D 1
Au_N 1
Au_P 1
Sp_D 1
Sp_N 1
Sp_P 1
Su_D 1
Su_N 1
Su_P 1
Wi_D 1
Wi_N 1
Wi_P 1
;

param Conversionlh default 0 :
1 2 3:=
Au_D 0 1 0
Au_N 1 0 0
Au_P 0 0 1
Sp_D 0 1 0
Sp_N 1 0 0
Sp_P 0 0 1
Su_D 0 1 0
Su_N 1 0 0
Su_P 0 0 1
Wi_D 0 1 0
Wi_N 1 0 0
Wi_P 0 0 1
;

param Conversionls default 0 :
1 2 3 4:=
Au_D 0 0 0 1
Au_N 0 0 0 1
Au_P 0 0 0 1
Sp_D 0 1 0 0
Sp_N 0 1 0 0
Sp_P 0 1 0 0
Su_D 0 0 1 0
Su_N 0 0 1 0
Su_P 0 0 1 0
Wi_D 1 0 0 0
Wi_N 1 0 0 0
Wi_P 1 0 0 0
;

param DaySplit default 0.00137 :=
;

param DaysInDayType default 7 :=
;

param DepreciationMethod default 1 :=
;

param DiscountRate default 0.05 :=
;

param EmissionActivityRatio default 0 :=
[Ethiopia_Model_2019,IMPCOA,CO2,*,*]:
2015 2016 2017 2018 2019 2020 2021 2022 2023 2024 2025 2026 2027 2028 2029 2030 2031 2032 2033 2034 2035 2036 2037:=
1 0.090535492 0.090535492 0.090535492 0.090535492 0.090535492 0.090535492 0.090535492 0.090535492 0.090535492 0.090535492 0.090535492 0.090535492 0.090535492 0.090535492 0.090535492 0.090535492 0.090535492 0.090535492 0.090535492 0.090535492 0.090535492 0.090535492 0.090535492
[Ethiopia_Model_2019,IMPCRU001,CO2,*,*]:
2015 2016 2017 2018 2019 2020 2021 2022 2023 2024 2025 2026 2027 2028 2029 2030 2031 2032 2033 2034 2035 2036 2037:=
1 0.070077807 0.070077807 0.070077807 0.070077807 0.070077807 0.070077807 0.070077807 0.070077807 0.070077807 0.070077807 0.070077807 0.070077807 0.070077807 0.070077807 0.070077807 0.070077807 0.070077807 0.070077807 0.070077807 0.070077807 0.070077807 0.070077807 0.070077807
[Ethiopia_Model_2019,MINCOA,CO2,*,*]:
2015 2016 2017 2018 2019 2020 2021 2022 2023 2024 2025 2026 2027 2028 2029 2030 2031 2032 2033 2034 2035 2036 2037:=
1 0.090535492 0.090535492 0.090535492 0.090535492 0.090535492 0.090535492 0.090535492 0.090535492 0.090535492 0.090535492 0.090535492 0.090535492 0.090535492 0.090535492 0.090535492 0.090535492 0.090535492 0.090535492 0.090535492 0.090535492 0.090535492 0.090535492 0.090535492
[Ethiopia_Model_2019,MINCRU001,CO2,*,*]:
2015 2016 2017 2018 2019 2020 2021 2022 2023 2024 2025 2026 2027 2028 2029 2030 2031 2032 2033 2034 2035 2036 2037:=
1 0.070077807 0.070077807 0.070077807 0.070077807 0.070077807 0.070077807 0.070077807 0.070077807 0.070077807 0.070077807 0.070077807 0.070077807 0.070077807 0.070077807 0.070077807 0.070077807 0.070077807 0.070077807 0.070077807 0.070077807 0.070077807 0.070077807 0.070077807
[Ethiopia_Model_2019,MINNGS,CO2,*,*]:
2015 2016 2017 2018 2019 2020 2021 2022 2023 2024 2025 2026 2027 2028 2029 2030 2031 2032 2033 2034 2035 2036 2037:=
1 0.050291177 0.050291177 0.050291177 0.050291177 0.050291177 0.050291177 0.050291177 0.050291177 0.050291177 0.050291177 0.050291177 0.050291177 0.050291177 0.050291177 0.050291177 0.050291177 0.050291177 0.050291177 0.050291177 0.050291177 0.050291177 0.050291177 0.050291177
;

param EmissionsPenalty default 0 :=
;

param FixedCost default 0 :=
[Ethiopia_Model_2019,*,*]:
2015 2016 2017 2018 2019 2020 2021 2022 2023 2024 2025 2026 2027 2028 2029 2030 2031 2032 2033 2034 2035 2036 2037:=
IMPCOA 0.090535492 0.090535492 0.090535492 0.090535492 0.090535492 0.090535492 0.090535492 0.090535492 0.090535492 0.090535492 0.090535492 0.090535492 0.090535492 0.090535492 0.090535492 0.090535492 0.090535492 0.090535492 0.090535492 0.090535492 0.090535492 0.090535492 0.090535492
MINCOA 0.090535492 0.090535492 0.090535492 0.090535492 0.090535492 0.090535492 0.090535492 0.090535492 0.090535492 0.090535492 0.090535492 0.090535492 0.090535492 0.090535492 0.090535492 0.090535492 0.090535492 0.090535492 0.090535492 0.090535492 0.090535492 0.090535492 0.090535492
MINNGS 0.050291177 0.050291177 0.050291177 0.050291177 0.050291177 0.050291177 0.050291177 0.050291177 0.050291177 0.050291177 0.050291177 0.050291177 0.050291177 0.050291177 0.050291177 0.050291177 0.050291177 0.050291177 0.050291177 0.050291177 0.050291177 0.050291177 0.050291177
PWRBIO001 75 75 75 75 75 75 75 75 75 75 75 75 75 75 75 75 75 75 75 75 75 75 75
PWRCOA001 45 45 45 45 45 45 45 45 45 45 45 45 45 45 45 45 45 45 45 45 45 45 45
PWRGEO001 60 60 60 60 60 60 60 60 60 60 60 60 60 60 60 60 60 60 60 60 60 60 60
PWRHYD001 55 55 55 55 55 55 55 55 55 55 55 55 55 55 55 55 55 55 55 55 55 55 55
PWRHYD002 55 55 55 55 55 55 55 55 55 55 55 55 55 55 55 55 55 55 55 55 55 55 55
PWRNGS001 75 75 75 75 75 75 75 75 75 75 75 75 75 75 75 75 75 75 75 75 75 75 75
PWRSOL001 20 20 20 20 20 20 20 20 22 22 22 22 22 22 22 22 22 22 22 22 22 22 22
PWRTRN001 0.96 0.96 0.96 0.96 0.96 0.96 0.96 0.96 0.96 0.96 0.96 0.96 0.96 0.96 0.96 0.96 0.96 0.96 0.96 0.96 0.96 0.96 0.96
PWRWND001 45.5 45.5 45.5 45.5 45.5 45.5 45.5 45.5 45.5 45.5 45.5 45.5 45.5 45.5 45.5 45.5 45.5 45.5 45.5 45.5 45.5 45.5 45.5
PVSmall 26 26 26 26 26 26 26 26 26 26 26 26 26 26 26 26 26 26 26 26 26 26 26
;

param InputActivityRatio default 0 :=
[Ethiopia_Model_2019,EXPELC001,ELC001,*,*]:
2015 2016 2017 2018 2019 2020 2021 2022 2023 2024 2025 2026 2027 2028 2029 2030 2031 2032 2033 2034 2035 2036 2037:=
1 1 1 1 1 1 1 1 1 1 1 1 1 1 1 1 1 1 1 1 1 1 1 1
[Ethiopia_Model_2019,MINCRU001,CRU,*,*]:
2015 2016 2017 2018 2019 2020 2021 2022 2023 2024 2025 2026 2027 2028 2029 2030 2031 2032 2033 2034 2035 2036 2037:=
1 1 1 1 1 1 1 1 1 1 1 1 1 1 1 1 1 1 1 1 1 1 1 1
[Ethiopia_Model_2019,PWRBIO001,BIO,*,*]:
2015 2016 2017 2018 2019 2020 2021 2022 2023 2024 2025 2026 2027 2028 2029 2030 2031 2032 2033 2034 2035 2036 2037:=
1 2.86 2.86 2.86 2.86 2.86 2.86 2.86 2.86 2.86 2.86 2.86 2.86 2.86 2.86 2.86 2.86 2.86 2.86 2.86 2.86 2.86 2.86 2.86
[Ethiopia_Model_2019,PWRCOA001,COA,*,*]:
2015 2016 2017 2018 2019 2020 2021 2022 2023 2024 2025 2026 2027 2028 2029 2030 2031 2032 2033 2034 2035 2036 2037:=
1 2.85 2.85 2.85 2.85 2.85 2.85 2.85 2.85 2.85 2.85 2.85 2.85 2.85 2.85 2.85 2.85 2.85 2.85 2.85 2.85 2.85 2.85 2.85
[Ethiopia_Model_2019,PWRGEO001,HETGEO,*,*]:
2015 2016 2017 2018 2019 2020 2021 2022 2023 2024 2025 2026 2027 2028 2029 2030 2031 2032 2033 2034 2035 2036 2037:=
1 10 10 10 10 10 10 10 10 10 10 10 10 10 10 10 10 10 10 10 10 10 10 10
[Ethiopia_Model_2019,PWRHFO001,CRU,*,*]:
2015 2016 2017 2018 2019 2020 2021 2022 2023 2024 2025 2026 2027 2028 2029 2030 2031 2032 2033 2034 2035 2036 2037:=
1 2.86 2.86 2.86 2.86 2.86 2.86 2.86 2.86 2.86 2.86 2.86 2.86 2.86 2.86 2.86 2.86 2.86 2.86 2.86 2.86 2.86 2.86 2.86
[Ethiopia_Model_2019,PWRNGS001,NGS,*,*]:
2015 2016 2017 2018 2019 2020 2021 2022 2023 2024 2025 2026 2027 2028 2029 2030 2031 2032 2033 2034 2035 2036 2037:=
1 2.63 2.63 2.63 2.63 2.63 2.63 2.63 2.63 2.63 2.63 2.63 2.63 2.63 2.63 2.63 2.63 2.63 2.63 2.63 2.63 2.63 2.63 2.63
[Ethiopia_Model_2019,PWRTRNE001,ELC001,*,*]:
2015 2016 2017 2018 2019 2020 2021 2022 2023 2024 2025 2026 2027 2028 2029 2030 2031 2032 2033 2034 2035 2036 2037:=
1 1 1 1 1 1 1 1 1 1 1 1 1 1 1 1 1 1 1 1 1 1 1 1
;

param MinStorageCharge default 0 :=
;

param ModelPeriodEmissionLimit default 99999 :=
;

param ModelPeriodExogenousEmission default 0 :=
;

param OperationalLife default 1 :
BackStop1 BackStop2 EXPELC001 GEO IMPCOA IMPCRU001 MINBIO001 MINCOA MINCRU001 MINNGS PWRBIO001 PWRCOA001 PWRGEO001 PWRHFO001 PWRHYD001 PWRHYD002 PWRNGS001 PWRSOL001 PWRTRN001 PWRTRNE001 PWRWAS001 PWRWND001 PVSmall River001:=
Ethiopia_Model_2019 1 1 50 1 1 1 1 1 1 1 25 40 30 25 80 80 30 25 1 1 1 25 25 1
;

param OperationalLifeStorage default 1 :
DAM:=
Ethiopia_Model_2019 80
;

param OutputActivityRatio default 0 :=
[Ethiopia_Model_2019,BackStop1,ELCE002,*,*]:
2015 2016 2017 2018 2019 2020 2021 2022 2023 2024 2025 2026 2027 2028 2029 2030 2031 2032 2033 2034 2035 2036 2037:=
1 1 1 1 1 1 1 1 1 1 1 1 1 1 1 1 1 1 1 1 1 1 1 1
[Ethiopia_Model_2019,BackStop2,ELCN002,*,*]:
2015 2016 2017 2018 2019 2020 2021 2022 2023 2024 2025 2026 2027 2028 2029 2030 2031 2032 2033 2034 2035 2036 2037:=
1 1 1 1 1 1 1 1 1 1 1 1 1 1 1 1 1 1 1 1 1 1 1 1
[Ethiopia_Model_2019,EXPELC001,ELC,*,*]:
2015 2016 2017 2018 2019 2020 2021 2022 2023 2024 2025 2026 2027 2028 2029 2030 2031 2032 2033 2034 2035 2036 2037:=
1 1 1 1 1 1 1 1 1 1 1 1 1 1 1 1 1 1 1 1 1 1 1 1
[Ethiopia_Model_2019,GEO,HETGEO,*,*]:
2015 2016 2017 2018 2019 2020 2021 2022 2023 2024 2025 2026 2027 2028 2029 2030 2031 2032 2033 2034 2035 2036 2037:=
1 1 1 1 1 1 1 1 1 1 1 1 1 1 1 1 1 1 1 1 1 1 1 1
[Ethiopia_Model_2019,IMPCOA,COA,*,*]:
2015 2016 2017 2018 2019 2020 2021 2022 2023 2024 2025 2026 2027 2028 2029 2030 2031 2032 2033 2034 2035 2036 2037:=
2 1 1 1 1 1 1 1 1 1 1 1 1 1 1 1 1 1 1 1 1 1 1 1
[Ethiopia_Model_2019,IMPCRU001,CRU,*,*]:
2015 2016 2017 2018 2019 2020 2021 2022 2023 2024 2025 2026 2027 2028 2029 2030 2031 2032 2033 2034 2035 2036 2037:=
1 1 1 1 1 1 1 1 1 1 1 1 1 1 1 1 1 1 1 1 1 1 1 1
[Ethiopia_Model_2019,MINBIO001,BIO,*,*]:
2015 2016 2017 2018 2019 2020 2021 2022 2023 2024 2025 2026 2027 2028 2029 2030 2031 2032 2033 2034 2035 2036 2037:=
1 1 1 1 1 1 1 1 1 1 1 1 1 1 1 1 1 1 1 1 1 1 1 1
[Ethiopia_Model_2019,MINCOA,COA,*,*]:
2015 2016 2017 2018 2019 2020 2021 2022 2023 2024 2025 2026 2027 2028 2029 2030 2031 2032 2033 2034 2035 2036 2037:=
2 1 1 1 1 1 1 1 1 1 1 1 1 1 1 1 1 1 1 1 1 1 1 1
[Ethiopia_Model_2019,MINNGS,NGS,*,*]:
2015 2016 2017 2018 2019 2020 2021 2022 2023 2024 2025 2026 2027 2028 2029 2030 2031 2032 2033 2034 2035 2036 2037:=
1 1 1 1 1 1 1 1 1 1 1 1 1 1 1 1 1 1 1 1 1 1 1 1
[Ethiopia_Model_2019,PWRBIO001,ELC001,*,*]:
2015 2016 2017 2018 2019 2020 2021 2022 2023 2024 2025 2026 2027 2028 2029 2030 2031 2032 2033 2034 2035 2036 2037:=
1 1 1 1 1 1 1 1 1 1 1 1 1 1 1 1 1 1 1 1 1 1 1 1
[Ethiopia_Model_2019,PWRCOA001,ELC001,*,*]:
2015 2016 2017 2018 2019 2020 2021 2022 2023 2024 2025 2026 2027 2028 2029 2030 2031 2032 2033 2034 2035 2036 2037:=
1 1 1 1 1 1 1 1 1 1 1 1 1 1 1 1 1 1 1 1 1 1 1 1
[Ethiopia_Model_2019,PWRGEO001,ELC001,*,*]:
2015 2016 2017 2018 2019 2020 2021 2022 2023 2024 2025 2026 2027 2028 2029 2030 2031 2032 2033 2034 2035 2036 2037:=
1 1 1 1 1 1 1 1 1 1 1 1 1 1 1 1 1 1 1 1 1 1 1 1
[Ethiopia_Model_2019,PWRHFO001,ELC001,*,*]:
2015 2016 2017 2018 2019 2020 2021 2022 2023 2024 2025 2026 2027 2028 2029 2030 2031 2032 2033 2034 2035 2036 2037:=
1 1 1 1 1 1 1 1 1 1 1 1 1 1 1 1 1 1 1 1 1 1 1 1
[Ethiopia_Model_2019,PWRHYD001,ELC001,*,*]:
2015 2016 2017 2018 2019 2020 2021 2022 2023 2024 2025 2026 2027 2028 2029 2030 2031 2032 2033 2034 2035 2036 2037:=
1 1 1 1 1 1 1 1 1 1 1 1 1 1 1 1 1 1 1 1 1 1 1 1
[Ethiopia_Model_2019,PWRHYD002,ELC001,*,*]:
2015 2016 2017 2018 2019 2020 2021 2022 2023 2024 2025 2026 2027 2028 2029 2030 2031 2032 2033 2034 2035 2036 2037:=
2 1 1 1 1 1 1 1 1 1 1 1 1 1 1 1 1 1 1 1 1 1 1 1
[Ethiopia_Model_2019,PWRHYD002,StordEnergy,*,*]:
2015 2016 2017 2018 2019 2020 2021 2022 2023 2024 2025 2026 2027 2028 2029 2030 2031 2032 2033 2034 2035 2036 2037:=
1 1 1 1 1 1 1 1 1 1 1 1 1 1 1 1 1 1 1 1 1 1 1 1
[Ethiopia_Model_2019,PWRNGS001,ELC001,*,*]:
2015 2016 2017 2018 2019 2020 2021 2022 2023 2024 2025 2026 2027 2028 2029 2030 2031 2032 2033 2034 2035 2036 2037:=
1 1 1 1 1 1 1 1 1 1 1 1 1 1 1 1 1 1 1 1 1 1 1 1
[Ethiopia_Model_2019,PWRSOL001,ELC001,*,*]:
2015 2016 2017 2018 2019 2020 2021 2022 2023 2024 2025 2026 2027 2028 2029 2030 2031 2032 2033 2034 2035 2036 2037:=
1 1 1 1 1 1 1 1 1 1 1 1 1 1 1 1 1 1 1 1 1 1 1 1
[Ethiopia_Model_2019,PWRTRN001,ELCN002,*,*]:
2015 2016 2017 2018 2019 2020 2021 2022 2023 2024 2025 2026 2027 2028 2029 2030 2031 2032 2033 2034 2035 2036 2037:=
1 0.82 0.82 0.82 0.82 0.82 0.82 0.82 0.82 0.82 0.82 0.82 0.82 0.82 0.82 0.82 0.82 0.82 0.82 0.82 0.82 0.82 0.82 0.82
[Ethiopia_Model_2019,PWRTRNE001,ELCE002,*,*]:
2015 2016 2017 2018 2019 2020 2021 2022 2023 2024 2025 2026 2027 2028 2029 2030 2031 2032 2033 2034 2035 2036 2037:=
1 0.95 0.95 0.95 0.95 0.95 0.95 0.95 0.95 0.95 0.95 0.95 0.95 0.95 0.95 0.95 0.95 0.95 0.95 0.95 0.95 0.95 0.95 0.95
[Ethiopia_Model_2019,PWRWND001,ELC001,*,*]:
2015 2016 2017 2018 2019 2020 2021 2022 2023 2024 2025 2026 2027 2028 2029 2030 2031 2032 2033 2034 2035 2036 2037:=
1 1 1 1 1 1 1 1 1 1 1 1 1 1 1 1 1 1 1 1 1 1 1 1
[Ethiopia_Model_2019,PVSmall,ELC001,*,*]:
2015 2016 2017 2018 2019 2020 2021 2022 2023 2024 2025 2026 2027 2028 2029 2030 2031 2032 2033 2034 2035 2036 2037:=
1 1 1 1 1 1 1 1 1 1 1 1 1 1 1 1 1 1 1 1 1 1 1 1
[Ethiopia_Model_2019,River001,WATSUR,*,*]:
2015 2016 2017 2018 2019 2020 2021 2022 2023 2024 2025 2026 2027 2028 2029 2030 2031 2032 2033 2034 2035 2036 2037:=
1 1 1 1 1 1 1 1 1 1 1 1 1 1 1 1 1 1 1 1 1 1 1 1
;

param REMinProductionTarget default 0 :=
;

param RETagFuel default 0 :=
;

param RETagTechnology default 0 :=
;

param ReserveMargin default 0 :
2015 2016 2017 2018 2019 2020 2021 2022 2023 2024 2025 2026 2027 2028 2029 2030 2031 2032 2033 2034 2035 2036 2037:=
Ethiopia_Model_2019 1.2 1.2 1.2 1.2 1.2 1.2 1.2 1.2 1.2 1.2 1.2 1.2 1.2 1.2 1.2 1.2 1.2 1.2 1.2 1.2 1.2 1.2 1.2
;

param ReserveMarginTagFuel default 0 :=
;

param ReserveMarginTagTechnology default 0 :=
[Ethiopia_Model_2019,*,*]:
2015 2016 2017 2018 2019 2020 2021 2022 2023 2024 2025 2026 2027 2028 2029 2030 2031 2032 2033 2034 2035 2036 2037:=
PWRHYD001 1 1 1 1 1 1 1 1 1 1 1 1 1 1 1 1 1 1 1 1 1 1 1
;

param ResidualCapacity default 0 :=
[Ethiopia_Model_2019,*,*]:
2015 2016 2017 2018 2019 2020 2021 2022 2023 2024 2025 2026 2027 2028 2029 2030 2031 2032 2033 2034 2035 2036 2037:=
PWRGEO001 0.0073 0.007081 0.006862 0.006643 0.006424 0.006205 0.005986 0.005767 0.005548 0.005329 0.00511 0.004891 0.004672 0.004453 0.004234 0.004015 0.003796 0.003577 0.003358 0.003139 0.00292 0.002701 0.002482
PWRHFO001 0.07 0.07 0.07 0.07 0.07 0.07 0.07 0.07 0.07 0.07 0.07 0.07 0.07 0.07 0.07 0.07 0.07 0.07 0.07 0.07 0.07 0.07 0.07
PWRHYD001 0.03 0.03 0.03 0.03 0.03 0.03 0.03 0.03 0.03 0.03 0.03 0.03 0.03 0.03 0.03 0.03 0.03 0.03 0.03 0.03 0.03 0.03 0.03
PWRHYD002 3.8156 3.7156 3.6156 3.5156 3.4156 3.3156 3.2156 3.1156 3.0156 2.9156 2.8156 2.7156 2.6156 2.5156 2.4156 2.3156 2.2156 2.1156 2.0156 1.9156 1.8156 1.7156 0
PWRWND001 0.324 0.31266 0.30132 0.28998 0.27864 0.2673 0.25596 0.24462 0.23328 0.22194 0.2106 0.19926 0.18792 0.17658 0.16524 0.1539 0.14256 0.13122 0.11988 0.10854 0.0972 0.08586 0.07452
;

param ResidualStorageCapacity default 0 :=
;

param SpecifiedAnnualDemand default 0 :=
[Ethiopia_Model_2019,*,*]:
2015 2016 2017 2018 2019 2020 2021 2022 2023 2024 2025 2026 2027 2028 2029 2030 2031 2032 2033 2034 2035 2036 2037:=
ELCE002 52.8768 67.4028 84.1068 98.9856 112.4964 125.8776 139.95 157.5612 168.5196 179.7048 191.5524 204.4764 218.3004 233.3124 249.1452 265.7124 283.248 301.5828 320.5692 340.1316 360.2988 381.0744 400.9968
ELCN002 0 0 0 0 14.624532 16.364088 18.1935 20.482956 21.907548 23.361624 24.901812 26.581932 28.379052 30.330612 32.388876 34.542612 36.82224 39.205764 41.673996 44.217108 46.838844 49.539672 52.129584
;

param SpecifiedDemandProfile default 0 :=
[Ethiopia_Model_2019,ELCE002,*,*]:
2015 2016 2017 2018 2019 2020 2021 2022 2023 2024 2025 2026 2027 2028 2029 2030 2031 2032 2033 2034 2035 2036 2037:=
Au_D 0.13 0.13 0.13 0.13 0.13 0.13 0.13 0.13 0.13 0.13 0.13 0.13 0.13 0.13 0.13 0.13 0.13 0.13 0.13 0.13 0.13 0.13 0.13
Au_N 0.09 0.09 0.09 0.09 0.09 0.09 0.09 0.09 0.09 0.09 0.09 0.09 0.09 0.09 0.09 0.09 0.09 0.09 0.09 0.09 0.09 0.09 0.09
Au_P 0.03 0.03 0.03 0.03 0.03 0.03 0.03 0.03 0.03 0.03 0.03 0.03 0.03 0.03 0.03 0.03 0.03 0.03 0.03 0.03 0.03 0.03 0.03
Sp_D 0.18 0.18 0.18 0.18 0.18 0.18 0.18 0.18 0.18 0.18 0.18 0.18 0.18 0.18 0.18 0.18 0.18 0.18 0.18 0.18 0.18 0.18 0.18
Sp_N 0.1 0.1 0.1 0.1 0.1 0.1 0.1 0.1 0.1 0.1 0.1 0.1 0.1 0.1 0.1 0.1 0.1 0.1 0.1 0.1 0.1 0.1 0.1
Sp_P 0.06 0.06 0.06 0.06 0.06 0.06 0.06 0.06 0.06 0.06 0.06 0.06 0.06 0.06 0.06 0.06 0.06 0.06 0.06 0.06 0.06 0.06 0.06
Su_D 0.14 0.14 0.14 0.14 0.14 0.14 0.14 0.14 0.14 0.14 0.14 0.14 0.14 0.14 0.14 0.14 0.14 0.14 0.14 0.14 0.14 0.14 0.14
Su_N 0.07 0.07 0.07 0.07 0.07 0.07 0.07 0.07 0.07 0.07 0.07 0.07 0.07 0.07 0.07 0.07 0.07 0.07 0.07 0.07 0.07 0.07 0.07
Su_P 0.04 0.04 0.04 0.04 0.04 0.04 0.04 0.04 0.04 0.04 0.04 0.04 0.04 0.04 0.04 0.04 0.04 0.04 0.04 0.04 0.04 0.04 0.04
Wi_D 0.08 0.08 0.08 0.08 0.08 0.08 0.08 0.08 0.08 0.08 0.08 0.08 0.08 0.08 0.08 0.08 0.08 0.08 0.08 0.08 0.08 0.08 0.08
Wi_N 0.05 0.05 0.05 0.05 0.05 0.05 0.05 0.05 0.05 0.05 0.05 0.05 0.05 0.05 0.05 0.05 0.05 0.05 0.05 0.05 0.05 0.05 0.05
Wi_P 0.03 0.03 0.03 0.03 0.03 0.03 0.03 0.03 0.03 0.03 0.03 0.03 0.03 0.03 0.03 0.03 0.03 0.03 0.03 0.03 0.03 0.03 0.03
[Ethiopia_Model_2019,ELCN002,*,*]:
2015 2016 2017 2018 2019 2020 2021 2022 2023 2024 2025 2026 2027 2028 2029 2030 2031 2032 2033 2034 2035 2036 2037:=
Au_D 0.13 0.13 0.13 0.13 0.13 0.13 0.13 0.13 0.13 0.13 0.13 0.13 0.13 0.13 0.13 0.13 0.13 0.13 0.13 0.13 0.13 0.13 0.13
Au_N 0.09 0.09 0.09 0.09 0.09 0.09 0.09 0.09 0.09 0.09 0.09 0.09 0.09 0.09 0.09 0.09 0.09 0.09 0.09 0.09 0.09 0.09 0.09
Au_P 0.03 0.03 0.03 0.03 0.03 0.03 0.03 0.03 0.03 0.03 0.03 0.03 0.03 0.03 0.03 0.03 0.03 0.03 0.03 0.03 0.03 0.03 0.03
Sp_D 0.18 0.18 0.18 0.18 0.18 0.18 0.18 0.18 0.18 0.18 0.18 0.18 0.18 0.18 0.18 0.18 0.18 0.18 0.18 0.18 0.18 0.18 0.18
Sp_N 0.1 0.1 0.1 0.1 0.1 0.1 0.1 0.1 0.1 0.1 0.1 0.1 0.1 0.1 0.1 0.1 0.1 0.1 0.1 0.1 0.1 0.1 0.1
Sp_P 0.06 0.06 0.06 0.06 0.06 0.06 0.06 0.06 0.06 0.06 0.06 0.06 0.06 0.06 0.06 0.06 0.06 0.06 0.06 0.06 0.06 0.06 0.06
Su_D 0.14 0.14 0.14 0.14 0.14 0.14 0.14 0.14 0.14 0.14 0.14 0.14 0.14 0.14 0.14 0.14 0.14 0.14 0.14 0.14 0.14 0.14 0.14
Su_N 0.07 0.07 0.07 0.07 0.07 0.07 0.07 0.07 0.07 0.07 0.07 0.07 0.07 0.07 0.07 0.07 0.07 0.07 0.07 0.07 0.07 0.07 0.07
Su_P 0.04 0.04 0.04 0.04 0.04 0.04 0.04 0.04 0.04 0.04 0.04 0.04 0.04 0.04 0.04 0.04 0.04 0.04 0.04 0.04 0.04 0.04 0.04
Wi_D 0.08 0.08 0.08 0.08 0.08 0.08 0.08 0.08 0.08 0.08 0.08 0.08 0.08 0.08 0.08 0.08 0.08 0.08 0.08 0.08 0.08 0.08 0.08
Wi_N 0.05 0.05 0.05 0.05 0.05 0.05 0.05 0.05 0.05 0.05 0.05 0.05 0.05 0.05 0.05 0.05 0.05 0.05 0.05 0.05 0.05 0.05 0.05
Wi_P 0.03 0.03 0.03 0.03 0.03 0.03 0.03 0.03 0.03 0.03 0.03 0.03 0.03 0.03 0.03 0.03 0.03 0.03 0.03 0.03 0.03 0.03 0.03
;

param StorageLevelStart default 0 :=
;

param StorageMaxChargeRate default 0 :
DAM:=
Ethiopia_Model_2019 99
;

param StorageMaxDischargeRate default 0 :
DAM:=
Ethiopia_Model_2019 99
;

param TechnologyFromStorage default 0 :=
[Ethiopia_Model_2019,PWRHYD002,*,*]:
1 2:=
DAM 0 1
;

param TechnologyToStorage default 0 :=
[Ethiopia_Model_2019,PWRHYD002,*,*]:
1 2:=
DAM 1 0
;

param TotalAnnualMaxCapacity default 99999 :=
[Ethiopia_Model_2019,*,*]:
2015 2016 2017 2018 2019 2020 2021 2022 2023 2024 2025 2026 2027 2028 2029 2030 2031 2032 2033 2034 2035 2036 2037:=
EXPELC001 0 0 0 0 0 6 6 6 6 6 6 6 6 6 6 6 6 6 6 6 6 6 6
MINBIO001 9234 9234 9234 9234 9234 9234 9234 9234 9234 9234 9234 9234 9234 9234 9234 9234 9234 9234 9234 9234 9234 9234 9234
PWRBIO001 5 5 5 5 5 5 5 5 5 5 5 5 5 5 5 5 5 5 5 5 5 5 5
PWRCOA001 5 5 5 5 5 5 5 5 5 5 5 5 5 5 5 5 5 5 5 5 5 5 5
PWRGEO001 10 10 10 10 10 10 10 10 10 10 10 10 10 10 10 10 10 10 10 10 10 10 10
PWRHFO001 10 10 10 10 10 10 10 10 10 10 10 10 10 10 10 10 10 10 10 10 10 10 10
PWRHYD001 10 10 10 10 10 10 10 10 10 10 10 10 10 10 10 10 10 10 10 10 10 10 10
PWRHYD002 45 45 45 45 45 45 45 45 45 45 45 45 45 45 45 45 45 45 45 45 45 45 45
PWRNGS001 3 3 3 3 3 3 3 3 3 3 3 3 3 3 3 3 3 3 3 3 3 3 3
PWRSOL001 5 5 5 5 5 5 5 5 5 5 5 5 5 5 5 5 5 5 5 5 5 5 5
PWRWND001 1.3 1.3 1.3 1.3 1.3 1.3 1.3 1.3 1.3 1.3 1.3 1.3 1.3 1.3 1.3 1.3 1.3 1.3 1.3 1.3 1.3 1.3 1.3
PVSmall 5 5 5 5 5 5 5 5 5 5 5 5 5 5 5 5 5 5 5 5 5 5 99999
;

param TotalAnnualMaxCapacityInvestment default 99999 :=
[Ethiopia_Model_2019,*,*]:
2015 2016 2017 2018 2019 2020 2021 2022 2023 2024 2025 2026 2027 2028 2029 2030 2031 2032 2033 2034 2035 2036 2037:=
EXPELC001 0 0 0 0 0 0.6 1.012 1.212 2.712 2.912 4.612 4.612 4.812 5.012 5.012 5.012 5.012 5.012 5.012 5.012 5.012 5.012 5.012
IMPCRU001 12.653 12.653 12.653 12.653 12.653 12.653 12.653 12.653 12.653 12.653 12.653 12.653 12.653 12.653 12.653 12.653 12.653 12.653 12.653 12.653 12.653 12.653 12.653
MINBIO001 9000 9000 9000 9000 9000 9000 9000 9000 9000 9000 9000 9000 9000 9000 9000 9000 9000 9000 9000 9000 9000 9000 9000
PWRBIO001 0 0 0 0 0 0 0 0 0 0 0 0 0 0 0.5 0.5 0.5 0.5 0.5 0.5 0.5 0.5 0.5
PWRCOA001 0 0 0 0 0 0 0 0 0 0 0 0 0 2.5 2.5 2.5 2.5 2.5 2.5 2.5 2.5 2.5 2.5
PWRGEO001 0 0 0 0 0 1 1 1 1 1 1 1 1 1 1 1 1 0 0 0 0 0 0
PWRHFO001 0.5 0.5 0.5 0.5 0.5 0.5 0.5 0.5 0.5 0.5 0.5 0.5 0.5 0.5 0.5 0.5 0.5 0.5 0.5 0.5 0.5 0.5 0.5
PWRHYD001 0.1 0.1 0.1 0.1 0.1 0.1 0.1 0.1 0.1 0.1 0.1 0.1 0.1 0.1 0.1 0.1 0.1 0.1 0.1 0.1 0.1 0.1 0.1
PWRHYD002 6.25 6.25 6.25 6.25 6.25 6.25 6.25 8.5 8.5 8.5 8.5 8.5 8.5 8.5 8.5 8.5 8.5 8.5 8.5 8.5 8.5 8.5 8.5
PWRNGS001 0 0 0 0 0 0 0 0 0 0 0 0.3 0.3 0.3 0.3 0.3 0.3 0.3 0.3 0.3 0.3 0.3 0.3
PWRSOL001 3.5 3.5 3.5 3.5 3.5 3.5 3.5 3.5 3.5 3.5 3.5 3.5 3.5 3.5 3.5 3.5 3.5 3.5 3.5 3.5 3.5 3.5 3.5
PWRWND001 0 0 0 0 0 1.3 1.3 1.3 1.3 1.3 1.3 1.3 1.3 1.3 1.3 1.3 1.3 1.3 1.3 1.3 1.3 1.3 1.3
PVSmall 0.025 0.025 0.025 0.025 0.025 0.05 0.05 0.05 0.05 0.1 0.1 0.1 0.1 0.2 0.2 0.2 0.2 0.2 0.2 0.2 0.2 0.2 99999
;

param TotalAnnualMinCapacity default 0 :=
[Ethiopia_Model_2019,*,*]:
2015 2016 2017 2018 2019 2020 2021 2022 2023 2024 2025 2026 2027 2028 2029 2030 2031 2032 2033 2034 2035 2036 2037:=
PWRGEO001 0 0 0 0 0 0.02 0.05 0.1 0.27 0.2 0.25 0.2 0.16 0.16 0.16 0.16 0.16 0.16 0.16 0.16 0.16 0.16 0.16
;

param TotalAnnualMinCapacityInvestment default 0 :=
[Ethiopia_Model_2019,*,*]:
2015 2016 2017 2018 2019 2020 2021 2022 2023 2024 2025 2026 2027 2028 2029 2030 2031 2032 2033 2034 2035 2036 2037:=
EXPELC001 0 0 0 0 0 0 0 0 0 0 0.01 0.01 0.01 0.01 0.01 0.01 0.01 0.01 0.01 0.01 0.01 0 0
PWRBIO001 0 0 0 0 0 0 0 0 0 0 0 0 0 0 0.1 0.1 0.1 0.1 0.1 0.1 0.1 0.1 0.1
PWRHYD001 0.1 0.1 0.1 0.1 0.1 0.1 0.1 0.1 0.1 0.1 0.1 0.1 0.1 0.1 0.1 0.1 0.1 0.1 0.1 0.1 0.1 0.1 0
PWRHYD002 0.1 0.1 0.1 0.1 0.1 0.75 0 2.13 3.536 2.444 1.183 0 0 0.467 1.17 1.28 1.33 1.89 1.12 0 2 1.8 2.4
PWRSOL001 0 0 0 0 0 0.25 0.5 1.1 0 0 0 0 0 0 0 0 0 0 0 0 0 0 0
PWRWND001 0 0 0 0 0 0.012 0.01 0 0 0 0 0 0 0 0 0 0 0 0 0 0 0 0
;

param TotalTechnologyAnnualActivityLowerLimit default 0 :=
[Ethiopia_Model_2019,*,*]:
2015 2016 2017 2018 2019 2020 2021 2022 2023 2024 2025 2026 2027 2028 2029 2030 2031 2032 2033 2034 2035 2036 2037:=
PWRCOA001 0 0 0 0 0 0 0 0 0 0 0 0 0 0.15 0.15 0.15 0.15 0.15 0.25 0.25 0.25 0.25 0.25
;

param TotalTechnologyAnnualActivityUpperLimit default 99999 :=
[Ethiopia_Model_2019,*,*]:
2015 2016 2017 2018 2019 2020 2021 2022 2023 2024 2025 2026 2027 2028 2029 2030 2031 2032 2033 2034 2035 2036 2037:=
IMPCOA 19.82282118 19.82282118 20.2192776 20.62366316 21.03613642 21.45685915 21.88599633 22.32371626 22.77019058 23.22559439 23.69010628 24.16390841 24.64718658 25.14013031 25.64293291 26.15579157 26.6789074 27.21248555 27.75673526 28.31186997 28.87810737 29.45566951 30.0447829
;

param TotalTechnologyModelPeriodActivityLowerLimit default 0 :=
;

param TotalTechnologyModelPeriodActivityUpperLimit default 99999 :
BackStop1 BackStop2 EXPELC001 GEO IMPCOA IMPCRU001 MINBIO001 MINCOA MINCRU001 MINNGS PWRBIO001 PWRCOA001 PWRGEO001 PWRHFO001 PWRHYD001 PWRHYD002 PWRNGS001 PWRSOL001 PWRTRN001 PWRTRNE001 PWRWAS001 PWRWND001 PVSmall River001:=
Ethiopia_Model_2019 99999 99999 99999 99999 99999 99999 99999 8700 10590.58 8440446.821 99999 99999 99999 99999 99999 99999 99999 99999 99999 99999 99999 99999 99999 99999
;

param TradeRoute default 0 :=
;

param VariableCost default 0.0001 :=
[Ethiopia_Model_2019,BackStop1,*,*]:
2015 2016 2017 2018 2019 2020 2021 2022 2023 2024 2025 2026 2027 2028 2029 2030 2031 2032 2033 2034 2035 2036 2037:=
1 99999 99999 99999 99999 99999 99999 99999 99999 99999 99999 99999 99999 99999 99999 99999 99999 99999 99999 99999 99999 99999 99999 99999
[Ethiopia_Model_2019,BackStop2,*,*]:
2015 2016 2017 2018 2019 2020 2021 2022 2023 2024 2025 2026 2027 2028 2029 2030 2031 2032 2033 2034 2035 2036 2037:=
1 99999 99999 99999 99999 99999 99999 99999 99999 99999 99999 99999 99999 99999 99999 99999 99999 99999 99999 99999 99999 99999 99999 99999
[Ethiopia_Model_2019,EXPELC001,*,*]:
2015 2016 2017 2018 2019 2020 2021 2022 2023 2024 2025 2026 2027 2028 2029 2030 2031 2032 2033 2034 2035 2036 2037:=
1 -19 -19 -19 -19 -19 -19 -19 -19 -19 -19 -19 -19 -19 -19 -19 -19 -19 -19 -19 -19 -19 -19 -19
[Ethiopia_Model_2019,MINCOA,*,*]:
2015 2016 2017 2018 2019 2020 2021 2022 2023 2024 2025 2026 2027 2028 2029 2030 2031 2032 2033 2034 2035 2036 2037:=
1 0.049561873 0.049561873 0.049561873 0.049561873 0.049561873 0.049561873 0.049561873 0.049561873 0.049561873 0.049561873 0.049561873 0.049561873 0.049561873 0.049561873 0.049561873 0.049561873 0.049561873 0.049561873 0.049561873 0.049561873 0.049561873 0.049561873 0.049561873
;

param YearSplit default 0 :
2015 2016 2017 2018 2019 2020 2021 2022 2023 2024 2025 2026 2027 2028 2029 2030 2031 2032 2033 2034 2035 2036 2037:=
Au_D 0.13 0.13 0.13 0.13 0.13 0.13 0.13 0.13 0.13 0.13 0.13 0.13 0.13 0.13 0.13 0.13 0.13 0.13 0.13 0.13 0.13 0.13 0.13
Au_N 0.09 0.09 0.09 0.09 0.09 0.09 0.09 0.09 0.09 0.09 0.09 0.09 0.09 0.09 0.09 0.09 0.09 0.09 0.09 0.09 0.09 0.09 0.09
Au_P 0.03 0.03 0.03 0.03 0.03 0.03 0.03 0.03 0.03 0.03 0.03 0.03 0.03 0.03 0.03 0.03 0.03 0.03 0.03 0.03 0.03 0.03 0.03
Sp_D 0.18 0.18 0.18 0.18 0.18 0.18 0.18 0.18 0.18 0.18 0.18 0.18 0.18 0.18 0.18 0.18 0.18 0.18 0.18 0.18 0.18 0.18 0.18
Sp_N 0.1 0.1 0.1 0.1 0.1 0.1 0.1 0.1 0.1 0.1 0.1 0.1 0.1 0.1 0.1 0.1 0.1 0.1 0.1 0.1 0.1 0.1 0.1
Sp_P 0.06 0.06 0.06 0.06 0.06 0.06 0.06 0.06 0.06 0.06 0.06 0.06 0.06 0.06 0.06 0.06 0.06 0.06 0.06 0.06 0.06 0.06 0.06
Su_D 0.14 0.14 0.14 0.14 0.14 0.14 0.14 0.14 0.14 0.14 0.14 0.14 0.14 0.14 0.14 0.14 0.14 0.14 0.14 0.14 0.14 0.14 0.14
Su_N 0.07 0.07 0.07 0.07 0.07 0.07 0.07 0.07 0.07 0.07 0.07 0.07 0.07 0.07 0.07 0.07 0.07 0.07 0.07 0.07 0.07 0.07 0.07
Su_P 0.04 0.04 0.04 0.04 0.04 0.04 0.04 0.04 0.04 0.04 0.04 0.04 0.04 0.04 0.04 0.04 0.04 0.04 0.04 0.04 0.04 0.04 0.04
Wi_D 0.08 0.08 0.08 0.08 0.08 0.08 0.08 0.08 0.08 0.08 0.08 0.08 0.08 0.08 0.08 0.08 0.08 0.08 0.08 0.08 0.08 0.08 0.08
Wi_N 0.05 0.05 0.05 0.05 0.05 0.05 0.05 0.05 0.05 0.05 0.05 0.05 0.05 0.05 0.05 0.05 0.05 0.05 0.05 0.05 0.05 0.05 0.05
Wi_P 0.03 0.03 0.03 0.03 0.03 0.03 0.03 0.03 0.03 0.03 0.03 0.03 0.03 0.03 0.03 0.03 0.03 0.03 0.03 0.03 0.03 0.03 0.03
;

#
end;
